           0.0000000           0.0000000           0.0000000           0.0000000           0.0000000           0.0000000
           1.6596637           1.7078385           0.0000000           0.0000000           0.0000000           0.0000000
           1.6600083           1.7085264           0.0000000           0.0000000           0.0000000           0.0000000
           1.6603528           1.7092162           0.0000000           0.0000000           0.0000000           0.0000000
           1.6606972           1.7099081           0.0000000           0.0000000           0.0000000           0.0000000
           1.6610413           1.7106020           0.0000000           0.0000000           0.0000000           0.0000000
           1.6613853           1.7112980           0.0000000           0.0000000           0.0000000           0.0000000
           1.6617291           1.7119959           0.0000000           0.0000000           0.0000000           0.0000000
           1.6620726           1.7126959           0.0000000           0.0000000           0.0000000           0.0000000
           1.6624160           1.7133980           0.0000000           0.0000000           0.0000000           0.0000000
           1.6627591           1.7141020           0.0000000           0.0000000           0.0000000           0.0000000
           1.6631020           1.7148082           0.0000000           0.0000000           0.0000000           0.0000000
           1.6634446           1.7155163           0.0000000           0.0000000           0.0000000           0.0000000
           1.6637870           1.7162265           0.0000000           0.0000000           0.0000000           0.0000000
           1.6641290           1.7169387           0.0000000           0.0000000           0.0000000           0.0000000
           1.6644708           1.7176530           0.0000000           0.0000000           0.0000000           0.0000000
           1.6648123           1.7183692           0.0000000           0.0000000           0.0000000           0.0000000
           1.6651535           1.7190876           0.0000000           0.0000000           0.0000000           0.0000000
           1.6654943           1.7198079           0.0000000           0.0000000           0.0000000           0.0000000
           1.6658347           1.7205302           0.0000000           0.0000000           0.0000000           0.0000000
           1.6661747           1.7212546           0.0000000           0.0000000           0.0000000           0.0000000
           1.6665144           1.7219809           0.0000000           0.0000000           0.0000000           0.0000000
           1.6668536           1.7227092           0.0000000           0.0000000           0.0000000           0.0000000
           1.6671923           1.7234395           0.0000000           0.0000000           0.0000000           0.0000000
           1.6675306           1.7241717           0.0000000           0.0000000           0.0000000           0.0000000
           1.6678683           1.7249059           0.0000000           0.0000000           0.0000000           0.0000000
           1.6682055           1.7256421           0.0000000           0.0000000           0.0000000           0.0000000
           1.6685422           1.7263801           0.0000000           0.0000000           0.0000000           0.0000000
           1.6688782           1.7271201           0.0000000           0.0000000           0.0000000           0.0000000
           1.6692137           1.7278620           0.0000000           0.0000000           0.0000000           0.0000000
           1.6695485           1.7286057           0.0000000           0.0000000           0.0000000           0.0000000
           1.6698826           1.7293513           0.0000000           0.0000000           0.0000000           0.0000000
           1.6702160           1.7300988           0.0000000           0.0000000           0.0000000           0.0000000
           1.6705487           1.7308481           0.0000000           0.0000000           0.0000000           0.0000000
           1.6708806           1.7315992           0.0000000           0.0000000           0.0000000           0.0000000
           1.6712117           1.7323521           0.0000000           0.0000000           0.0000000           0.0000000
           1.6715419           1.7331068           0.0000000           0.0000000           0.0000000           0.0000000
           1.6718713           1.7338632           0.0000000           0.0000000           0.0000000           0.0000000
           1.6721998           1.7346214           0.0000000           0.0000000           0.0000000           0.0000000
           1.6725273           1.7353812           0.0000000           0.0000000           0.0000000           0.0000000
           1.6728539           1.7361428           0.0000000           0.0000000           0.0000000           0.0000000
           1.6731794           1.7369060           0.0000000           0.0000000           0.0000000           0.0000000
           1.6735038           1.7376708           0.0000000           0.0000000           0.0000000           0.0000000
           1.6738271           1.7384372           0.0000000           0.0000000           0.0000000           0.0000000
           1.6741493           1.7392052           0.0000000           0.0000000           0.0000000           0.0000000
           1.6744702           1.7399748           0.0000000           0.0000000           0.0000000           0.0000000
           1.6747899           1.7407458           0.0000000           0.0000000           0.0000000           0.0000000
           1.6751083           1.7415183           0.0000000           0.0000000           0.0000000           0.0000000
           1.6754253           1.7422923           0.0000000           0.0000000           0.0000000           0.0000000
           1.6757409           1.7430676           0.0000000           0.0000000           0.0000000           0.0000000
           1.6760550           1.7438443           0.0000000           0.0000000           0.0000000           0.0000000
           1.6763677           1.7446223           0.0000000           0.0000000           0.0000000           0.0000000
           1.6766787           1.7454016           0.0000000           0.0000000           0.0000000           0.0000000
           1.6769881           1.7461822           0.0000000           0.0000000           0.0000000           0.0000000
           1.6772958           1.7469639           0.0000000           0.0000000           0.0000000           0.0000000
           1.6776017           1.7477467           0.0000000           0.0000000           0.0000000           0.0000000
           1.6779058           1.7485307           0.0000000           0.0000000           0.0000000           0.0000000
           1.6782080           1.7493156           0.0000000           0.0000000           0.0000000           0.0000000
           1.6785082           1.7501016           0.0000000           0.0000000           0.0000000           0.0000000
           1.6788064           1.7508885           0.0000000           0.0000000           0.0000000           0.0000000
           1.6791024           1.7516762           0.0000000           0.0000000           0.0000000           0.0000000
           1.6793963           1.7524648           0.0000000           0.0000000           0.0000000           0.0000000
           1.6796878           1.7532540           0.0000000           0.0000000           0.0000000           0.0000000
           1.6799770           1.7540440           0.0000000           0.0000000           0.0000000           0.0000000
           1.6802638           1.7548346           0.0000000           0.0000000           0.0000000           0.0000000
           1.6805480           1.7556257           0.0000000           0.0000000           0.0000000           0.0000000
           1.6808296           1.7564173           0.0000000           0.0000000           0.0000000           0.0000000
           1.6811084           1.7572093           0.0000000           0.0000000           0.0000000           0.0000000
           1.6813845           1.7580016           0.0000000           0.0000000           0.0000000           0.0000000
           1.6816577           1.7587942           0.0000000           0.0000000           0.0000000           0.0000000
           1.6819279           1.7595869           0.0000000           0.0000000           0.0000000           0.0000000
           1.6821950           1.7603798           0.0000000           0.0000000           0.0000000           0.0000000
           1.6824589           1.7611726           0.0000000           0.0000000           0.0000000           0.0000000
           1.6827195           1.7619654           0.0000000           0.0000000           0.0000000           0.0000000
           1.6829768           1.7627581           0.0000000           0.0000000           0.0000000           0.0000000
           1.6832306           1.7635506           0.0000000           0.0000000           0.0000000           0.0000000
           1.6834808           1.7643427           0.0000000           0.0000000           0.0000000           0.0000000
           1.6837273           1.7651345           0.0000000           0.0000000           0.0000000           0.0000000
           1.6839700           1.7659258           0.0000000           0.0000000           0.0000000           0.0000000
           1.6842088           1.7667166           0.0000000           0.0000000           0.0000000           0.0000000
           1.6844437           1.7675067           0.0000000           0.0000000           0.0000000           0.0000000
           1.6846745           1.7682962           0.0000000           0.0000000           0.0000000           0.0000000
           1.6849011           1.7690848           0.0000000           0.0000000           0.0000000           0.0000000
           1.6851235           1.7698727           0.0000000           0.0000000           0.0000000           0.0000000
           1.6853414           1.7706596           0.0000000           0.0000000           0.0000000           0.0000000
           1.6855550           1.7714454           0.0000000           0.0000000           0.0000000           0.0000000
           1.6857639           1.7722303           0.0000000           0.0000000           0.0000000           0.0000000
           1.6859683           1.7730139           0.0000000           0.0000000           0.0000000           0.0000000
           1.6861679           1.7737964           0.0000000           0.0000000           0.0000000           0.0000000
           1.6863627           1.7745777           0.0000000           0.0000000           0.0000000           0.0000000
           1.6865527           1.7753576           0.0000000           0.0000000           0.0000000           0.0000000
           1.6867377           1.7761361           0.0000000           0.0000000           0.0000000           0.0000000
           1.6869177           1.7769132           0.0000000           0.0000000           0.0000000           0.0000000
           1.6870926           1.7776889           0.0000000           0.0000000           0.0000000           0.0000000
           1.6872623           1.7784631           0.0000000           0.0000000           0.0000000           0.0000000
           1.6874269           1.7792357           0.0000000           0.0000000           0.0000000           0.0000000
           1.6875862           1.7800067           0.0000000           0.0000000           0.0000000           0.0000000
           1.6877402           1.7807762           0.0000000           0.0000000           0.0000000           0.0000000
           1.6878889           1.7815441           0.0000000           0.0000000           0.0000000           0.0000000
           1.6880322           1.7823103           0.0000000           0.0000000           0.0000000           0.0000000
           1.6881701           1.7830749           0.0000000           0.0000000           0.0000000           0.0000000
           1.6883026           1.7838378           0.0000000           0.0000000           0.0000000           0.0000000
           1.6884297           1.7845992           0.0000000           0.0000000           0.0000000           0.0000000
           1.6885513           1.7853588           0.0000000           0.0000000           0.0000000           0.0000000
           1.6886674           1.7861169           0.0000000           0.0000000           0.0000000           0.0000000
           1.6887781           1.7868734           0.0000000           0.0000000           0.0000000           0.0000000
           1.6888834           1.7876284           0.0000000           0.0000000           0.0000000           0.0000000
           1.6889832           1.7883818           0.0000000           0.0000000           0.0000000           0.0000000
           1.6890775           1.7891337           0.0000000           0.0000000           0.0000000           0.0000000
           1.6891665           1.7898841           0.0000000           0.0000000           0.0000000           0.0000000
           1.6892502           1.7906332           0.0000000           0.0000000           0.0000000           0.0000000
           1.6893285           1.7913809           0.0000000           0.0000000           0.0000000           0.0000000
           1.6894015           1.7921274           0.0000000           0.0000000           0.0000000           0.0000000
           1.6894692           1.7928726           0.0000000           0.0000000           0.0000000           0.0000000
           1.6895318           1.7936166           0.0000000           0.0000000           0.0000000           0.0000000
           1.6895892           1.7943596           0.0000000           0.0000000           0.0000000           0.0000000
           1.6896415           1.7951016           0.0000000           0.0000000           0.0000000           0.0000000
           1.6896888           1.7958427           0.0000000           0.0000000           0.0000000           0.0000000
           1.6897312           1.7965830           0.0000000           0.0000000           0.0000000           0.0000000
           1.6897687           1.7973225           0.0000000           0.0000000           0.0000000           0.0000000
           1.6898013           1.7980614           0.0000000           0.0000000           0.0000000           0.0000000
           1.6898293           1.7987998           0.0000000           0.0000000           0.0000000           0.0000000
           1.6898526           1.7995378           0.0000000           0.0000000           0.0000000           0.0000000
           1.6898714           1.8002754           0.0000000           0.0000000           0.0000000           0.0000000
           1.6898857           1.8010128           0.0000000           0.0000000           0.0000000           0.0000000
           1.6898957           1.8017501           0.0000000           0.0000000           0.0000000           0.0000000
           1.6899013           1.8024875           0.0000000           0.0000000           0.0000000           0.0000000
           1.6899028           1.8032249           0.0000000           0.0000000           0.0000000           0.0000000
           1.6899002           1.8039627           0.0000000           0.0000000           0.0000000           0.0000000
           1.6898937           1.8047007           0.0000000           0.0000000           0.0000000           0.0000000
           1.6898832           1.8054393           0.0000000           0.0000000           0.0000000           0.0000000
           1.6898690           1.8061785           0.0000000           0.0000000           0.0000000           0.0000000
           1.6898511           1.8069185           0.0000000           0.0000000           0.0000000           0.0000000
           1.6898296           1.8076593           0.0000000           0.0000000           0.0000000           0.0000000
           1.6898047           1.8084011           0.0000000           0.0000000           0.0000000           0.0000000
           1.6897765           1.8091440           0.0000000           0.0000000           0.0000000           0.0000000
           1.6897449           1.8098882           0.0000000           0.0000000           0.0000000           0.0000000
           1.6897103           1.8106338           0.0000000           0.0000000           0.0000000           0.0000000
           1.6896726           1.8113808           0.0000000           0.0000000           0.0000000           0.0000000
           1.6896320           1.8121295           0.0000000           0.0000000           0.0000000           0.0000000
           1.6895886           1.8128800           0.0000000           0.0000000           0.0000000           0.0000000
           1.6895425           1.8136323           0.0000000           0.0000000           0.0000000           0.0000000
           1.6894937           1.8143867           0.0000000           0.0000000           0.0000000           0.0000000
           1.6894425           1.8151432           0.0000000           0.0000000           0.0000000           0.0000000
           1.6893888           1.8159020           0.0000000           0.0000000           0.0000000           0.0000000
           1.6893329           1.8166631           0.0000000           0.0000000           0.0000000           0.0000000
           1.6892748           1.8174268           0.0000000           0.0000000           0.0000000           0.0000000
           1.6892146           1.8181931           0.0000000           0.0000000           0.0000000           0.0000000
           1.6891524           1.8189622           0.0000000           0.0000000           0.0000000           0.0000000
           1.6890884           1.8197342           0.0000000           0.0000000           0.0000000           0.0000000
           1.6890225           1.8205092           0.0000000           0.0000000           0.0000000           0.0000000
           1.6889550           1.8212873           0.0000000           0.0000000           0.0000000           0.0000000
           1.6888858           1.8220686           0.0000000           0.0000000           0.0000000           0.0000000
           1.6888152           1.8228533           0.0000000           0.0000000           0.0000000           0.0000000
           1.6887432           1.8236415           0.0000000           0.0000000           0.0000000           0.0000000
           1.6886698           1.8244333           0.0000000           0.0000000           0.0000000           0.0000000
           1.6885953           1.8252288           0.0000000           0.0000000           0.0000000           0.0000000
           1.6885196           1.8260281           0.0000000           0.0000000           0.0000000           0.0000000
           1.6884429           1.8268313           0.0000000           0.0000000           0.0000000           0.0000000
           1.6883652           1.8276386           0.0000000           0.0000000           0.0000000           0.0000000
           1.6882866           1.8284500           0.0000000           0.0000000           0.0000000           0.0000000
           1.6882073           1.8292656           0.0000000           0.0000000           0.0000000           0.0000000
           1.6881273           1.8300857           0.0000000           0.0000000           0.0000000           0.0000000
           1.6880466           1.8309102           0.0000000           0.0000000           0.0000000           0.0000000
           1.6879654           1.8317392           0.0000000           0.0000000           0.0000000           0.0000000
           1.6878837           1.8325730           0.0000000           0.0000000           0.0000000           0.0000000
           1.6878017           1.8334115           0.0000000           0.0000000           0.0000000           0.0000000
           1.6877193           1.8342548           0.0000000           0.0000000           0.0000000           0.0000000
           1.6876367           1.8351032           0.0000000           0.0000000           0.0000000           0.0000000
           1.6875540           1.8359565           0.0000000           0.0000000           0.0000000           0.0000000
           1.6874711           1.8368151           0.0000000           0.0000000           0.0000000           0.0000000
           1.6873882           1.8376789           0.0000000           0.0000000           0.0000000           0.0000000
           1.6873054           1.8385480           0.0000000           0.0000000           0.0000000           0.0000000
           1.6872226           1.8394226           0.0000000           0.0000000           0.0000000           0.0000000
           1.6871400           1.8403026           0.0000000           0.0000000           0.0000000           0.0000000
           1.6870577           1.8411883           0.0000000           0.0000000           0.0000000           0.0000000
           1.6869757           1.8420797           0.0000000           0.0000000           0.0000000           0.0000000
           1.6868940           1.8429769           0.0000000           0.0000000           0.0000000           0.0000000
           1.6868127           1.8438799           0.0000000           0.0000000           0.0000000           0.0000000
           1.6867319           1.8447889           0.0000000           0.0000000           0.0000000           0.0000000
           1.6866516           1.8457039           0.0000000           0.0000000           0.0000000           0.0000000
           1.6865719           1.8466250           0.0000000           0.0000000           0.0000000           0.0000000
           1.6864929           1.8475523           0.0000000           0.0000000           0.0000000           0.0000000
           1.6864145           1.8484858           0.0000000           0.0000000           0.0000000           0.0000000
           1.6863369           1.8494257           0.0000000           0.0000000           0.0000000           0.0000000
           1.6862601           1.8503720           0.0000000           0.0000000           0.0000000           0.0000000
           1.6861841           1.8513248           0.0000000           0.0000000           0.0000000           0.0000000
           1.6861090           1.8522842           0.0000000           0.0000000           0.0000000           0.0000000
           1.6860349           1.8532502           0.0000000           0.0000000           0.0000000           0.0000000
           1.6859617           1.8542230           0.0000000           0.0000000           0.0000000           0.0000000
           1.6858895           1.8552025           0.0000000           0.0000000           0.0000000           0.0000000
           1.6858184           1.8561888           0.0000000           0.0000000           0.0000000           0.0000000
           1.6857484           1.8571821           0.0000000           0.0000000           0.0000000           0.0000000
           1.6856796           1.8581824           0.0000000           0.0000000           0.0000000           0.0000000
           1.6856119           1.8591897           0.0000000           0.0000000           0.0000000           0.0000000
           1.6855454           1.8602041           0.0000000           0.0000000           0.0000000           0.0000000
           1.6854802           1.8612257           0.0000000           0.0000000           0.0000000           0.0000000
           1.6854164           1.8622546           0.0000000           0.0000000           0.0000000           0.0000000
           1.6853538           1.8632907           0.0000000           0.0000000           0.0000000           0.0000000
           1.6852926           1.8643343           0.0000000           0.0000000           0.0000000           0.0000000
           1.6850420           1.8689802           0.0000000           0.0000000           0.0000000           0.0000000
           1.6848204           1.8737728           0.0000000           0.0000000           0.0000000           0.0000000
           1.6846300           1.8787164           0.0000000           0.0000000           0.0000000           0.0000000
           1.6844727           1.8838154           0.0000000           0.0000000           0.0000000           0.0000000
           1.6843498           1.8890738           0.0000000           0.0000000           0.0000000           0.0000000
           1.6842627           1.8944956           0.0000000           0.0000000           0.0000000           0.0000000
           1.6842124           1.9000842           0.0000000           0.0000000           0.0000000           0.0000000
           1.6841995           1.9058432           0.0000000           0.0000000           0.0000000           0.0000000
           1.6842248           1.9117759           0.0000000           0.0000000           0.0000000           0.0000000
           1.6842885           1.9178855           0.0000000           0.0000000           0.0000000           0.0000000
           1.6843908           1.9241750           0.0000000           0.0000000           0.0000000           0.0000000
           1.6845317           1.9306474           0.0000000           0.0000000           0.0000000           0.0000000
           1.6847112           1.9373056           0.0000000           0.0000000           0.0000000           0.0000000
           1.6849289           1.9441524           0.0000000           0.0000000           0.0000000           0.0000000
           1.6851844           1.9511905           0.0000000           0.0000000           0.0000000           0.0000000
           1.6854774           1.9584227           0.0000000           0.0000000           0.0000000           0.0000000
           1.6858072           1.9658517           0.0000000           0.0000000           0.0000000           0.0000000
           1.6861732           1.9734802           0.0000000           0.0000000           0.0000000           0.0000000
           1.6865746           1.9813108           0.0000000           0.0000000           0.0000000           0.0000000
           1.6870106           1.9893463           0.0000000           0.0000000           0.0000000           0.0000000
           1.6874804           1.9975893           0.0000000           0.0000000           0.0000000           0.0000000
           1.6879830           2.0060426           0.0000000           0.0000000           0.0000000           0.0000000
           1.6885176           2.0147089           0.0000000           0.0000000           0.0000000           0.0000000
           1.6890831           2.0235912           0.0000000           0.0000000           0.0000000           0.0000000
           1.6896785           2.0326921           0.0000000           0.0000000           0.0000000           0.0000000
           1.6903028           2.0420148           0.0000000           0.0000000           0.0000000           0.0000000
           1.6909549           2.0515621           0.0000000           0.0000000           0.0000000           0.0000000
           1.6916338           2.0613372           0.0000000           0.0000000           0.0000000           0.0000000
           1.6923384           2.0713431           0.0000000           0.0000000           0.0000000           0.0000000
           1.6930675           2.0815832           0.0000000           0.0000000           0.0000000           0.0000000
           1.6938202           2.0920607           0.0000000           0.0000000           0.0000000           0.0000000
           1.6945953           2.1027791           0.0000000           0.0000000           0.0000000           0.0000000
           1.6953917           2.1137419           0.0000000           0.0000000           0.0000000           0.0000000
           1.6962084           2.1249527           0.0000000           0.0000000           0.0000000           0.0000000
           1.6970443           2.1364153           0.0000000           0.0000000           0.0000000           0.0000000
           1.6978984           2.1481334           0.0000000           0.0000000           0.0000000           0.0000000
           1.6987695           2.1601111           0.0000000           0.0000000           0.0000000           0.0000000
           1.6996567           2.1723525           0.0000000           0.0000000           0.0000000           0.0000000
           1.7005590           2.1848618           0.0000000           0.0000000           0.0000000           0.0000000
           1.7014754           2.1976433           0.0000000           0.0000000           0.0000000           0.0000000
           1.7024049           2.2107016           0.0000000           0.0000000           0.0000000           0.0000000
           1.7033465           2.2240411           0.0000000           0.0000000           0.0000000           0.0000000
           1.7042994           2.2376668           0.0000000           0.0000000           0.0000000           0.0000000
           1.7052625           2.2515835           0.0000000           0.0000000           0.0000000           0.0000000
           1.7062351           2.2657962           0.0000000           0.0000000           0.0000000           0.0000000
           1.7072163           2.2803102           0.0000000           0.0000000           0.0000000           0.0000000
           1.7082051           2.2951309           0.0000000           0.0000000           0.0000000           0.0000000
           1.7092009           2.3102636           0.0000000           0.0000000           0.0000000           0.0000000
           1.7102027           2.3257142           0.0000000           0.0000000           0.0000000           0.0000000
           1.7112099           2.3414884           0.0000000           0.0000000           0.0000000           0.0000000
           1.7122217           2.3575923           0.0000000           0.0000000           0.0000000           0.0000000
           1.7132373           2.3740319           0.0000000           0.0000000           0.0000000           0.0000000
           1.7142560           2.3908138           0.0000000           0.0000000           0.0000000           0.0000000
           1.7152773           2.4079443           0.0000000           0.0000000           0.0000000           0.0000000
           1.7163004           2.4254302           0.0000000           0.0000000           0.0000000           0.0000000
           1.7173246           2.4432784           0.0000000           0.0000000           0.0000000           0.0000000
           1.7183495           2.4614959           0.0000000           0.0000000           0.0000000           0.0000000
           1.7193744           2.4800899           0.0000000           0.0000000           0.0000000           0.0000000
           1.7203987           2.4990680           0.0000000           0.0000000           0.0000000           0.0000000
           1.7214219           2.5184377           0.0000000           0.0000000           0.0000000           0.0000000
           1.7224436           2.5382069           0.0000000           0.0000000           0.0000000           0.0000000
           1.7234631           2.5583837           0.0000000           0.0000000           0.0000000           0.0000000
           1.7244801           2.5789762           0.0000000           0.0000000           0.0000000           0.0000000
           1.7254940           2.5999929           0.0000000           0.0000000           0.0000000           0.0000000
           1.7265044           2.6214424           0.0000000           0.0000000           0.0000000           0.0000000
           1.7275110           2.6433338           0.0000000           0.0000000           0.0000000           0.0000000
           1.7285133           2.6656759           0.0000000           0.0000000           0.0000000           0.0000000
           1.7295110           2.6884782           0.0000000           0.0000000           0.0000000           0.0000000
           1.7305037           2.7117503           0.0000000           0.0000000           0.0000000           0.0000000
           1.7314910           2.7355018           0.0000000           0.0000000           0.0000000           0.0000000
           1.7324727           2.7597427           0.0000000           0.0000000           0.0000000           0.0000000
           1.7334484           2.7844835           0.0000000           0.0000000           0.0000000           0.0000000
           1.7344178           2.8097344           0.0000000           0.0000000           0.0000000           0.0000000
           1.7353807           2.8355064           0.0000000           0.0000000           0.0000000           0.0000000
           1.7363369           2.8618103           0.0000000           0.0000000           0.0000000           0.0000000
           1.7372860           2.8886574           0.0000000           0.0000000           0.0000000           0.0000000
           1.7382279           2.9160593           0.0000000           0.0000000           0.0000000           0.0000000
           1.7391623           2.9440278           0.0000000           0.0000000           0.0000000           0.0000000
           1.7400891           2.9725748           0.0000000           0.0000000           0.0000000           0.0000000
           1.7410080           3.0017127           0.0000000           0.0000000           0.0000000           0.0000000
           1.7419189           3.0314541           0.0000000           0.0000000           0.0000000           0.0000000
           1.7428217           3.0618120           0.0000000           0.0000000           0.0000000           0.0000000
           1.7437161           3.0927995           0.0000000           0.0000000           0.0000000           0.0000000
           1.7446021           3.1244302           0.0000000           0.0000000           0.0000000           0.0000000
           1.7454795           3.1567178           0.0000000           0.0000000           0.0000000           0.0000000
           1.7463483           3.1896764           0.0000000           0.0000000           0.0000000           0.0000000
           1.7472082           3.2233205           0.0000000           0.0000000           0.0000000           0.0000000
           1.7480593           3.2576649           0.0000000           0.0000000           0.0000000           0.0000000
           1.7489014           3.2927246           0.0000000           0.0000000           0.0000000           0.0000000
           1.7497345           3.3285150           0.0000000           0.0000000           0.0000000           0.0000000
           1.7505585           3.3650520           0.0000000           0.0000000           0.0000000           0.0000000
           1.7513734           3.4023516           0.0000000           0.0000000           0.0000000           0.0000000
           1.7521790           3.4404303           0.0000000           0.0000000           0.0000000           0.0000000
           1.7529754           3.4793049           0.0000000           0.0000000           0.0000000           0.0000000
           1.7537626           3.5189928           0.0000000           0.0000000           0.0000000           0.0000000
           1.7545404           3.5595113           0.0000000           0.0000000           0.0000000           0.0000000
           1.7553090           3.6008787           0.0000000           0.0000000           0.0000000           0.0000000
           1.7560682           3.6431132           0.0000000           0.0000000           0.0000000           0.0000000
           1.7568181           3.6862335           0.0000000           0.0000000           0.0000000           0.0000000
           1.7575588           3.7302591           0.0000000           0.0000000           0.0000000           0.0000000
           1.7582901           3.7752093           0.0000000           0.0000000           0.0000000           0.0000000
           1.7590121           3.8211043           0.0000000           0.0000000           0.0000000           0.0000000
           1.7597248           3.8679646           0.0000000           0.0000000           0.0000000           0.0000000
           1.7604283           3.9158112           0.0000000           0.0000000           0.0000000           0.0000000
           1.7611226           3.9646653           0.0000000           0.0000000           0.0000000           0.0000000
           1.7618077           4.0145490           0.0000000           0.0000000           0.0000000           0.0000000
           1.7624836           4.0654844           0.0000000           0.0000000           0.0000000           0.0000000
           1.7631505           4.1174946           0.0000000           0.0000000           0.0000000           0.0000000
           1.7638083           4.1706027           0.0000000           0.0000000           0.0000000           0.0000000
           1.7644571           4.2248327           0.0000000           0.0000000           0.0000000           0.0000000
           1.7650969           4.2802090           0.0000000           0.0000000           0.0000000           0.0000000
           1.7657279           4.3367563           0.0000000           0.0000000           0.0000000           0.0000000
           1.7663501           4.3945002           0.0000000           0.0000000           0.0000000           0.0000000
           1.7669635           4.4534667           0.0000000           0.0000000           0.0000000           0.0000000
           1.7675682           4.5136823           0.0000000           0.0000000           0.0000000           0.0000000
           1.7681643           4.5751741           0.0000000           0.0000000           0.0000000           0.0000000
           1.7687518           4.6379700           0.0000000           0.0000000           0.0000000           0.0000000
           1.7693309           4.7020981           0.0000000           0.0000000           0.0000000           0.0000000
           1.7699016           4.7675876           0.0000000           0.0000000           0.0000000           0.0000000
           1.7704640           4.8344680           0.0000000           0.0000000           0.0000000           0.0000000
           1.7710181           4.9027695           0.0000000           0.0000000           0.0000000           0.0000000
           1.7715641           4.9725231           0.0000000           0.0000000           0.0000000           0.0000000
           1.7721021           5.0437602           0.0000000           0.0000000           0.0000000           0.0000000
           1.7726321           5.1165132           0.0000000           0.0000000           0.0000000           0.0000000
           1.7731542           5.1908150           0.0000000           0.0000000           0.0000000           0.0000000
           1.7736685           5.2666993           0.0000000           0.0000000           0.0000000           0.0000000
           1.7741751           5.3442004           0.0000000           0.0000000           0.0000000           0.0000000
           1.7746742           5.4233537           0.0000000           0.0000000           0.0000000           0.0000000
           1.7751657           5.5041949           0.0000000           0.0000000           0.0000000           0.0000000
           1.7756498           5.5867609           0.0000000           0.0000000           0.0000000           0.0000000
           1.7761267           5.6710890           0.0000000           0.0000000           0.0000000           0.0000000
           1.7765963           5.7572177           0.0000000           0.0000000           0.0000000           0.0000000
           1.7770588           5.8451861           0.0000000           0.0000000           0.0000000           0.0000000
           1.7775143           5.9350343           0.0000000           0.0000000           0.0000000           0.0000000
           1.7779629           6.0268030           0.0000000           0.0000000           0.0000000           0.0000000
           1.7784047           6.1205342           0.0000000           0.0000000           0.0000000           0.0000000
           1.7788398           6.2162704           0.0000000           0.0000000           0.0000000           0.0000000
           1.7792684           6.3140553           0.0000000           0.0000000           0.0000000           0.0000000
           1.7796904           6.4139335           0.0000000           0.0000000           0.0000000           0.0000000
           1.7801061           6.5159505           0.0000000           0.0000000           0.0000000           0.0000000
           1.7805155           6.6201528           0.0000000           0.0000000           0.0000000           0.0000000
           1.7809188           6.7265879           0.0000000           0.0000000           0.0000000           0.0000000
           1.7813160           6.8353046           0.0000000           0.0000000           0.0000000           0.0000000
           1.7817072           6.9463522           0.0000000           0.0000000           0.0000000           0.0000000
           1.7820927           7.0597817           0.0000000           0.0000000           0.0000000           0.0000000
           1.7824724           7.1756447           0.0000000           0.0000000           0.0000000           0.0000000
           1.7828465           7.2939942           0.0000000           0.0000000           0.0000000           0.0000000
           1.7832152           7.4148843           0.0000000           0.0000000           0.0000000           0.0000000
           1.7835784           7.5383702           0.0000000           0.0000000           0.0000000           0.0000000
           1.7839365           7.6645084           0.0000000           0.0000000           0.0000000           0.0000000
           1.7842893           7.7933566           0.0000000           0.0000000           0.0000000           0.0000000
           1.7846372           7.9249736           0.0000000           0.0000000           0.0000000           0.0000000
           1.7849801           8.0594197           0.0000000           0.0000000           0.0000000           0.0000000
           1.7853183           8.1967564           0.0000000           0.0000000           0.0000000           0.0000000
           1.7856518           8.3370464           0.0000000           0.0000000           0.0000000           0.0000000
           1.7859808           8.4803540           0.0000000           0.0000000           0.0000000           0.0000000
           1.7863054           8.6267448           0.0000000           0.0000000           0.0000000           0.0000000
           1.7866257           8.7762856           0.0000000           0.0000000           0.0000000           0.0000000
           1.7869418           8.9290449           0.0000000           0.0000000           0.0000000           0.0000000
           1.7872540           9.0850926           0.0000000           0.0000000           0.0000000           0.0000000
           1.7875622           9.2445001           0.0000000           0.0000000           0.0000000           0.0000000
           1.7878667           9.4073403           0.0000000           0.0000000           0.0000000           0.0000000
           1.7881675           9.5736876           0.0000000           0.0000000           0.0000000           0.0000000
           1.7884649           9.7436183           0.0000000           0.0000000           0.0000000           0.0000000
           1.7887590           9.9172099           0.0000000           0.0000000           0.0000000           0.0000000
           1.7890499          10.0945418           0.0000000           0.0000000           0.0000000           0.0000000
           1.7893377          10.2756951           0.0000000           0.0000000           0.0000000           0.0000000
           1.7896227          10.4607525           0.0000000           0.0000000           0.0000000           0.0000000
           1.7899049          10.6497986           0.0000000           0.0000000           0.0000000           0.0000000
           1.7901846          10.8429198           0.0000000           0.0000000           0.0000000           0.0000000
           1.7904618          11.0402041           0.0000000           0.0000000           0.0000000           0.0000000
           1.7907369          11.2417416           0.0000000           0.0000000           0.0000000           0.0000000
           1.7910098          11.4476243           0.0000000           0.0000000           0.0000000           0.0000000
           1.7912810          11.6579460           0.0000000           0.0000000           0.0000000           0.0000000
           1.7915504          11.8728025           0.0000000           0.0000000           0.0000000           0.0000000
           1.7918183          12.0922917           0.0000000           0.0000000           0.0000000           0.0000000
           1.7920850          12.3165134           0.0000000           0.0000000           0.0000000           0.0000000
           1.7923505          12.5455697           0.0000000           0.0000000           0.0000000           0.0000000
           1.7926152          12.7795646           0.0000000           0.0000000           0.0000000           0.0000000
           1.7928793          13.0186045           0.0000000           0.0000000           0.0000000           0.0000000
           1.7931429          13.2627977           0.0000000           0.0000000           0.0000000           0.0000000
           1.7934063          13.5122551           0.0000000           0.0000000           0.0000000           0.0000000
           1.7936699          13.7670895           0.0000000           0.0000000           0.0000000           0.0000000
           1.7939337          14.0274164           0.0000000           0.0000000           0.0000000           0.0000000
           1.7941982          14.2933533           0.0000000           0.0000000           0.0000000           0.0000000
           1.7944636          14.5650203           0.0000000           0.0000000           0.0000000           0.0000000
           1.7947302          14.8425399           0.0000000           0.0000000           0.0000000           0.0000000
           1.7949983          15.1260372           0.0000000           0.0000000           0.0000000           0.0000000
           1.7952683          15.4156395           0.0000000           0.0000000           0.0000000           0.0000000
           1.7955404          15.7114770           0.0000000           0.0000000           0.0000000           0.0000000
           1.7958152          16.0136823           0.0000000           0.0000000           0.0000000           0.0000000
           1.7960928          16.3223906           0.0000000           0.0000000           0.0000000           0.0000000
           1.7963738          16.6377399           0.0000000           0.0000000           0.0000000           0.0000000
           1.7966585          16.9598709           0.0000000           0.0000000           0.0000000           0.0000000
           1.7969475          17.2889268           0.0000000           0.0000000           0.0000000           0.0000000
           1.7972412          17.6250538           0.0000000           0.0000000           0.0000000           0.0000000
           1.7975400          17.9684010           0.0000000           0.0000000           0.0000000           0.0000000
           1.7978445          18.3191199           0.0000000           0.0000000           0.0000000           0.0000000
           1.7981552          18.6773654           0.0000000           0.0000000           0.0000000           0.0000000
           1.7984728          19.0432949           0.0000000           0.0000000           0.0000000           0.0000000
           1.7987978          19.4170688           0.0000000           0.0000000           0.0000000           0.0000000
           1.7991310          19.7988505           0.0000000           0.0000000           0.0000000           0.0000000
           1.7994729          20.1888063           0.0000000           0.0000000           0.0000000           0.0000000
           1.7998243          20.5871055           0.0000000           0.0000000           0.0000000           0.0000000
           1.8001860          20.9939203           0.0000000           0.0000000           0.0000000           0.0000000
           1.8005588          21.4094260           0.0000000           0.0000000           0.0000000           0.0000000
           1.8009435          21.8338007           0.0000000           0.0000000           0.0000000           0.0000000
           1.8013412          22.2672256           0.0000000           0.0000000           0.0000000           0.0000000
           1.8017526          22.7098849           0.0000000           0.0000000           0.0000000           0.0000000
           1.8021790          23.1619655           0.0000000           0.0000000           0.0000000           0.0000000
           1.8026213          23.6236575           0.0000000           0.0000000           0.0000000           0.0000000
           1.8030807          24.0951537           0.0000000           0.0000000           0.0000000           0.0000000
           1.8035584          24.5766498           0.0000000           0.0000000           0.0000000           0.0000000
           1.8040558          25.0683443           0.0000000           0.0000000           0.0000000           0.0000000
           1.8045741          25.5704383           0.0000000           0.0000000           0.0000000           0.0000000
           1.8051150          26.0831358           0.0000000           0.0000000           0.0000000           0.0000000
           1.8056798          26.6066429           0.0000000           0.0000000           0.0000000           0.0000000
           1.8062703          27.1411687           0.0000000           0.0000000           0.0000000           0.0000000
           1.8068881          27.6869241           0.0000000           0.0000000           0.0000000           0.0000000
           1.8075352          28.2441225           0.0000000           0.0000000           0.0000000           0.0000000
           1.8082134          28.8129793           0.0000000           0.0000000           0.0000000           0.0000000
           1.8089249          29.3937117           0.0000000           0.0000000           0.0000000           0.0000000
           1.8096718          29.9865384           0.0000000           0.0000000           0.0000000           0.0000000
           1.8104565          30.5916799           0.0000000           0.0000000           0.0000000           0.0000000
           1.8112814          31.2093575           0.0000000           0.0000000           0.0000000           0.0000000
           1.8121491          31.8397937           0.0000000           0.0000000           0.0000000           0.0000000
           1.8130624          32.4832114           0.0000000           0.0000000           0.0000000           0.0000000
           1.8140242          33.1398340           0.0000000           0.0000000           0.0000000           0.0000000
           1.8150376          33.8098847           0.0000000           0.0000000           0.0000000           0.0000000
           1.8161059          34.4935862           0.0000000           0.0000000           0.0000000           0.0000000
           1.8172325          35.1911603           0.0000000           0.0000000           0.0000000           0.0000000
           1.8184211          35.9028273           0.0000000           0.0000000           0.0000000           0.0000000
           1.8196756          36.6288057           0.0000000           0.0000000           0.0000000           0.0000000
           1.8210001          37.3693116           0.0000000           0.0000000           0.0000000           0.0000000
           1.8223989          38.1245576           0.0000000           0.0000000           0.0000000           0.0000000
           1.8238766          38.8947530           0.0000000           0.0000000           0.0000000           0.0000000
           1.8254379          39.6801022           0.0000000           0.0000000           0.0000000           0.0000000
           1.8270879          40.4808046           0.0000000           0.0000000           0.0000000           0.0000000
           1.8288320          41.2970532           0.0000000           0.0000000           0.0000000           0.0000000
           1.8306758          42.1290344           0.0000000           0.0000000           0.0000000           0.0000000
           1.8326252          42.9769262           0.0000000           0.0000000           0.0000000           0.0000000
           1.8346865          43.8408979           0.0000000           0.0000000           0.0000000           0.0000000
           1.8368661          44.7211087           0.0000000           0.0000000           0.0000000           0.0000000
           1.8391709          45.6177065           0.0000000           0.0000000           0.0000000           0.0000000
           1.8416082          46.5308267           0.0000000           0.0000000           0.0000000           0.0000000
           1.8441853          47.4605910           0.0000000           0.0000000           0.0000000           0.0000000
           1.8469103          48.4071062           0.0000000           0.0000000           0.0000000           0.0000000
           1.8497913          49.3704622           0.0000000           0.0000000           0.0000000           0.0000000
           1.8528368          50.3507313           0.0000000           0.0000000           0.0000000           0.0000000
           1.8560559          51.3479658           0.0000000           0.0000000           0.0000000           0.0000000
           1.8594579          52.3621973           0.0000000           0.0000000           0.0000000           0.0000000
           1.8630523          53.3934341           0.0000000           0.0000000           0.0000000           0.0000000
           1.8668491          54.4416602           0.0000000           0.0000000           0.0000000           0.0000000
           1.8708589          55.5068334           0.0000000           0.0000000           0.0000000           0.0000000
           1.8750922          56.5888832           0.0000000           0.0000000           0.0000000           0.0000000
           1.8795602          57.6877093           0.0000000           0.0000000           0.0000000           0.0000000
           1.8842741          58.8031799           0.0000000           0.0000000           0.0000000           0.0000000
           1.8892457          59.9351296           0.0000000           0.0000000           0.0000000           0.0000000
           1.8944868          61.0833578           0.0000000           0.0000000           0.0000000           0.0000000
           1.9000098          62.2476270           0.0000000           0.0000000           0.0000000           0.0000000
           1.9058270          63.4276612           0.0000000           0.0000000           0.0000000           0.0000000
           1.9119509          64.6231442           0.0000000           0.0000000           0.0000000           0.0000000
           1.9183945          65.8337183           0.0000000           0.0000000           0.0000000           0.0000000
           1.9251704          67.0589826           0.0000000           0.0000000           0.0000000           0.0000000
           1.9322918          68.2984926           0.0000000           0.0000000           0.0000000           0.0000000
           1.9397713          69.5517582           0.0000000           0.0000000           0.0000000           0.0000000
           1.9476219          70.8182441           0.0000000           0.0000000           0.0000000           0.0000000
           1.9558564          72.0973681           0.0000000           0.0000000           0.0000000           0.0000000
           1.9644872          73.3885017           0.0000000           0.0000000           0.0000000           0.0000000
           1.9735267          74.6909700           0.0000000           0.0000000           0.0000000           0.0000000
           1.9829866          76.0040515           0.0000000           0.0000000           0.0000000           0.0000000
           1.9928787          77.3269794           0.0000000           0.0000000           0.0000000           0.0000000
           2.0032137          78.6589424           0.0000000           0.0000000           0.0000000           0.0000000
           2.0140023          79.9990861           0.0000000           0.0000000           0.0000000           0.0000000
           2.0252540          81.3465146           0.0000000           0.0000000           0.0000000           0.0000000
           2.0369779          82.7002929           0.0000000           0.0000000           0.0000000           0.0000000
           2.0491821          84.0594493           0.0000000           0.0000000           0.0000000           0.0000000
           2.0618738          85.4229783           0.0000000           0.0000000           0.0000000           0.0000000
           2.0750592          86.7898438           0.0000000           0.0000000           0.0000000           0.0000000
           2.0887435          88.1589827           0.0000000           0.0000000           0.0000000           0.0000000
           2.1029307          89.5293088           0.0000000           0.0000000           0.0000000           0.0000000
           2.1176234          90.8997170           0.0000000           0.0000000           0.0000000           0.0000000
           2.1328231          92.2690876           0.0000000           0.0000000           0.0000000           0.0000000
           2.1485301          93.6362909           0.0000000           0.0000000           0.0000000           0.0000000
           2.1647432          95.0001922           0.0000000           0.0000000           0.0000000           0.0000000
           2.1814596          96.3596563           0.0000000           0.0000000           0.0000000           0.0000000
           2.1986756          97.7135527           0.0000000           0.0000000           0.0000000           0.0000000
           2.2163855          99.0607604           0.0000000           0.0000000           0.0000000           0.0000000
           2.2345827         100.4001729           0.0000000           0.0000000           0.0000000           0.0000000
           2.2532588         101.7307025           0.0000000           0.0000000           0.0000000           0.0000000
           2.2724042         103.0512856           0.0000000           0.0000000           0.0000000           0.0000000
           2.2920079         104.3608866           0.0000000           0.0000000           0.0000000           0.0000000
           2.3120577         105.6585022           0.0000000           0.0000000           0.0000000           0.0000000
           2.3325401         106.9431651           0.0000000           0.0000000           0.0000000           0.0000000
           2.3534402         108.2139479           0.0000000           0.0000000           0.0000000           0.0000000
           2.3747424         109.4699659           0.0000000           0.0000000           0.0000000           0.0000000
           2.3964298         110.7103802           0.0000000           0.0000000           0.0000000           0.0000000
           2.4184845         111.9344000           0.0000000           0.0000000           0.0000000           0.0000000
           2.4408879         113.1412845           0.0000000           0.0000000           0.0000000           0.0000000
           2.4636206         114.3303448           0.0000000           0.0000000           0.0000000           0.0000000
