           0.0000000           0.0000000           0.0000000           0.0000000           0.0000000           0.0000000
           1.6596637           1.7076176           0.0000000           0.0000000           0.0000000           0.0000000
           1.6600083           1.7083022           0.0000000           0.0000000           0.0000000           0.0000000
           1.6603528           1.7089889           0.0000000           0.0000000           0.0000000           0.0000000
           1.6606972           1.7096775           0.0000000           0.0000000           0.0000000           0.0000000
           1.6610413           1.7103682           0.0000000           0.0000000           0.0000000           0.0000000
           1.6613853           1.7110608           0.0000000           0.0000000           0.0000000           0.0000000
           1.6617291           1.7117553           0.0000000           0.0000000           0.0000000           0.0000000
           1.6620726           1.7124519           0.0000000           0.0000000           0.0000000           0.0000000
           1.6624160           1.7131505           0.0000000           0.0000000           0.0000000           0.0000000
           1.6627591           1.7138510           0.0000000           0.0000000           0.0000000           0.0000000
           1.6631020           1.7145536           0.0000000           0.0000000           0.0000000           0.0000000
           1.6634446           1.7152581           0.0000000           0.0000000           0.0000000           0.0000000
           1.6637870           1.7159646           0.0000000           0.0000000           0.0000000           0.0000000
           1.6641290           1.7166732           0.0000000           0.0000000           0.0000000           0.0000000
           1.6644708           1.7173837           0.0000000           0.0000000           0.0000000           0.0000000
           1.6648123           1.7180961           0.0000000           0.0000000           0.0000000           0.0000000
           1.6651535           1.7188106           0.0000000           0.0000000           0.0000000           0.0000000
           1.6654943           1.7195270           0.0000000           0.0000000           0.0000000           0.0000000
           1.6658347           1.7202454           0.0000000           0.0000000           0.0000000           0.0000000
           1.6661747           1.7209657           0.0000000           0.0000000           0.0000000           0.0000000
           1.6665144           1.7216880           0.0000000           0.0000000           0.0000000           0.0000000
           1.6668536           1.7224122           0.0000000           0.0000000           0.0000000           0.0000000
           1.6671923           1.7231383           0.0000000           0.0000000           0.0000000           0.0000000
           1.6675306           1.7238663           0.0000000           0.0000000           0.0000000           0.0000000
           1.6678683           1.7245962           0.0000000           0.0000000           0.0000000           0.0000000
           1.6682055           1.7253281           0.0000000           0.0000000           0.0000000           0.0000000
           1.6685422           1.7260617           0.0000000           0.0000000           0.0000000           0.0000000
           1.6688782           1.7267973           0.0000000           0.0000000           0.0000000           0.0000000
           1.6692137           1.7275346           0.0000000           0.0000000           0.0000000           0.0000000
           1.6695485           1.7282738           0.0000000           0.0000000           0.0000000           0.0000000
           1.6698826           1.7290148           0.0000000           0.0000000           0.0000000           0.0000000
           1.6702160           1.7297576           0.0000000           0.0000000           0.0000000           0.0000000
           1.6705487           1.7305022           0.0000000           0.0000000           0.0000000           0.0000000
           1.6708806           1.7312485           0.0000000           0.0000000           0.0000000           0.0000000
           1.6712117           1.7319965           0.0000000           0.0000000           0.0000000           0.0000000
           1.6715419           1.7327463           0.0000000           0.0000000           0.0000000           0.0000000
           1.6718713           1.7334977           0.0000000           0.0000000           0.0000000           0.0000000
           1.6721998           1.7342508           0.0000000           0.0000000           0.0000000           0.0000000
           1.6725273           1.7350056           0.0000000           0.0000000           0.0000000           0.0000000
           1.6728539           1.7357620           0.0000000           0.0000000           0.0000000           0.0000000
           1.6731794           1.7365199           0.0000000           0.0000000           0.0000000           0.0000000
           1.6735038           1.7372794           0.0000000           0.0000000           0.0000000           0.0000000
           1.6738271           1.7380405           0.0000000           0.0000000           0.0000000           0.0000000
           1.6741493           1.7388030           0.0000000           0.0000000           0.0000000           0.0000000
           1.6744702           1.7395671           0.0000000           0.0000000           0.0000000           0.0000000
           1.6747899           1.7403325           0.0000000           0.0000000           0.0000000           0.0000000
           1.6751083           1.7410994           0.0000000           0.0000000           0.0000000           0.0000000
           1.6754253           1.7418676           0.0000000           0.0000000           0.0000000           0.0000000
           1.6757409           1.7426372           0.0000000           0.0000000           0.0000000           0.0000000
           1.6760550           1.7434080           0.0000000           0.0000000           0.0000000           0.0000000
           1.6763677           1.7441801           0.0000000           0.0000000           0.0000000           0.0000000
           1.6766787           1.7449534           0.0000000           0.0000000           0.0000000           0.0000000
           1.6769881           1.7457279           0.0000000           0.0000000           0.0000000           0.0000000
           1.6772958           1.7465034           0.0000000           0.0000000           0.0000000           0.0000000
           1.6776017           1.7472800           0.0000000           0.0000000           0.0000000           0.0000000
           1.6779058           1.7480577           0.0000000           0.0000000           0.0000000           0.0000000
           1.6782080           1.7488363           0.0000000           0.0000000           0.0000000           0.0000000
           1.6785082           1.7496158           0.0000000           0.0000000           0.0000000           0.0000000
           1.6788064           1.7503961           0.0000000           0.0000000           0.0000000           0.0000000
           1.6791024           1.7511772           0.0000000           0.0000000           0.0000000           0.0000000
           1.6793963           1.7519591           0.0000000           0.0000000           0.0000000           0.0000000
           1.6796878           1.7527416           0.0000000           0.0000000           0.0000000           0.0000000
           1.6799770           1.7535247           0.0000000           0.0000000           0.0000000           0.0000000
           1.6802638           1.7543083           0.0000000           0.0000000           0.0000000           0.0000000
           1.6805480           1.7550924           0.0000000           0.0000000           0.0000000           0.0000000
           1.6808296           1.7558769           0.0000000           0.0000000           0.0000000           0.0000000
           1.6811084           1.7566618           0.0000000           0.0000000           0.0000000           0.0000000
           1.6813845           1.7574468           0.0000000           0.0000000           0.0000000           0.0000000
           1.6816577           1.7582320           0.0000000           0.0000000           0.0000000           0.0000000
           1.6819279           1.7590174           0.0000000           0.0000000           0.0000000           0.0000000
           1.6821950           1.7598027           0.0000000           0.0000000           0.0000000           0.0000000
           1.6824589           1.7605880           0.0000000           0.0000000           0.0000000           0.0000000
           1.6827195           1.7613731           0.0000000           0.0000000           0.0000000           0.0000000
           1.6829768           1.7621580           0.0000000           0.0000000           0.0000000           0.0000000
           1.6832306           1.7629426           0.0000000           0.0000000           0.0000000           0.0000000
           1.6834808           1.7637268           0.0000000           0.0000000           0.0000000           0.0000000
           1.6837273           1.7645106           0.0000000           0.0000000           0.0000000           0.0000000
           1.6839700           1.7652938           0.0000000           0.0000000           0.0000000           0.0000000
           1.6842088           1.7660764           0.0000000           0.0000000           0.0000000           0.0000000
           1.6844437           1.7668582           0.0000000           0.0000000           0.0000000           0.0000000
           1.6846745           1.7676393           0.0000000           0.0000000           0.0000000           0.0000000
           1.6849011           1.7684195           0.0000000           0.0000000           0.0000000           0.0000000
           1.6851235           1.7691988           0.0000000           0.0000000           0.0000000           0.0000000
           1.6853414           1.7699771           0.0000000           0.0000000           0.0000000           0.0000000
           1.6855550           1.7707543           0.0000000           0.0000000           0.0000000           0.0000000
           1.6857639           1.7715303           0.0000000           0.0000000           0.0000000           0.0000000
           1.6859683           1.7723051           0.0000000           0.0000000           0.0000000           0.0000000
           1.6861679           1.7730787           0.0000000           0.0000000           0.0000000           0.0000000
           1.6863627           1.7738509           0.0000000           0.0000000           0.0000000           0.0000000
           1.6865527           1.7746216           0.0000000           0.0000000           0.0000000           0.0000000
           1.6867377           1.7753910           0.0000000           0.0000000           0.0000000           0.0000000
           1.6869177           1.7761588           0.0000000           0.0000000           0.0000000           0.0000000
           1.6870926           1.7769251           0.0000000           0.0000000           0.0000000           0.0000000
           1.6872623           1.7776898           0.0000000           0.0000000           0.0000000           0.0000000
           1.6874269           1.7784529           0.0000000           0.0000000           0.0000000           0.0000000
           1.6875862           1.7792144           0.0000000           0.0000000           0.0000000           0.0000000
           1.6877402           1.7799742           0.0000000           0.0000000           0.0000000           0.0000000
           1.6878889           1.7807323           0.0000000           0.0000000           0.0000000           0.0000000
           1.6880322           1.7814887           0.0000000           0.0000000           0.0000000           0.0000000
           1.6881701           1.7822434           0.0000000           0.0000000           0.0000000           0.0000000
           1.6883026           1.7829964           0.0000000           0.0000000           0.0000000           0.0000000
           1.6884297           1.7837477           0.0000000           0.0000000           0.0000000           0.0000000
           1.6885513           1.7844973           0.0000000           0.0000000           0.0000000           0.0000000
           1.6886674           1.7852452           0.0000000           0.0000000           0.0000000           0.0000000
           1.6887781           1.7859914           0.0000000           0.0000000           0.0000000           0.0000000
           1.6888834           1.7867361           0.0000000           0.0000000           0.0000000           0.0000000
           1.6889832           1.7874791           0.0000000           0.0000000           0.0000000           0.0000000
           1.6890775           1.7882206           0.0000000           0.0000000           0.0000000           0.0000000
           1.6891665           1.7889606           0.0000000           0.0000000           0.0000000           0.0000000
           1.6892502           1.7896991           0.0000000           0.0000000           0.0000000           0.0000000
           1.6893285           1.7904362           0.0000000           0.0000000           0.0000000           0.0000000
           1.6894015           1.7911720           0.0000000           0.0000000           0.0000000           0.0000000
           1.6894692           1.7919065           0.0000000           0.0000000           0.0000000           0.0000000
           1.6895318           1.7926399           0.0000000           0.0000000           0.0000000           0.0000000
           1.6895892           1.7933721           0.0000000           0.0000000           0.0000000           0.0000000
           1.6896415           1.7941032           0.0000000           0.0000000           0.0000000           0.0000000
           1.6896888           1.7948334           0.0000000           0.0000000           0.0000000           0.0000000
           1.6897312           1.7955627           0.0000000           0.0000000           0.0000000           0.0000000
           1.6897687           1.7962913           0.0000000           0.0000000           0.0000000           0.0000000
           1.6898013           1.7970192           0.0000000           0.0000000           0.0000000           0.0000000
           1.6898293           1.7977465           0.0000000           0.0000000           0.0000000           0.0000000
           1.6898526           1.7984734           0.0000000           0.0000000           0.0000000           0.0000000
           1.6898714           1.7991999           0.0000000           0.0000000           0.0000000           0.0000000
           1.6898857           1.7999261           0.0000000           0.0000000           0.0000000           0.0000000
           1.6898957           1.8006522           0.0000000           0.0000000           0.0000000           0.0000000
           1.6899013           1.8013783           0.0000000           0.0000000           0.0000000           0.0000000
           1.6899028           1.8021045           0.0000000           0.0000000           0.0000000           0.0000000
           1.6899002           1.8028309           0.0000000           0.0000000           0.0000000           0.0000000
           1.6898937           1.8035577           0.0000000           0.0000000           0.0000000           0.0000000
           1.6898832           1.8042849           0.0000000           0.0000000           0.0000000           0.0000000
           1.6898690           1.8050128           0.0000000           0.0000000           0.0000000           0.0000000
           1.6898511           1.8057413           0.0000000           0.0000000           0.0000000           0.0000000
           1.6898296           1.8064707           0.0000000           0.0000000           0.0000000           0.0000000
           1.6898047           1.8072011           0.0000000           0.0000000           0.0000000           0.0000000
           1.6897765           1.8079325           0.0000000           0.0000000           0.0000000           0.0000000
           1.6897449           1.8086652           0.0000000           0.0000000           0.0000000           0.0000000
           1.6897103           1.8093992           0.0000000           0.0000000           0.0000000           0.0000000
           1.6896726           1.8101348           0.0000000           0.0000000           0.0000000           0.0000000
           1.6896320           1.8108719           0.0000000           0.0000000           0.0000000           0.0000000
           1.6895886           1.8116108           0.0000000           0.0000000           0.0000000           0.0000000
           1.6895425           1.8123515           0.0000000           0.0000000           0.0000000           0.0000000
           1.6894937           1.8130943           0.0000000           0.0000000           0.0000000           0.0000000
           1.6894425           1.8138392           0.0000000           0.0000000           0.0000000           0.0000000
           1.6893888           1.8145863           0.0000000           0.0000000           0.0000000           0.0000000
           1.6893329           1.8153358           0.0000000           0.0000000           0.0000000           0.0000000
           1.6892748           1.8160878           0.0000000           0.0000000           0.0000000           0.0000000
           1.6892146           1.8168425           0.0000000           0.0000000           0.0000000           0.0000000
           1.6891524           1.8175998           0.0000000           0.0000000           0.0000000           0.0000000
           1.6890884           1.8183601           0.0000000           0.0000000           0.0000000           0.0000000
           1.6890225           1.8191234           0.0000000           0.0000000           0.0000000           0.0000000
           1.6889550           1.8198897           0.0000000           0.0000000           0.0000000           0.0000000
           1.6888858           1.8206593           0.0000000           0.0000000           0.0000000           0.0000000
           1.6888152           1.8214323           0.0000000           0.0000000           0.0000000           0.0000000
           1.6887432           1.8222087           0.0000000           0.0000000           0.0000000           0.0000000
           1.6886698           1.8229887           0.0000000           0.0000000           0.0000000           0.0000000
           1.6885953           1.8237724           0.0000000           0.0000000           0.0000000           0.0000000
           1.6885196           1.8245600           0.0000000           0.0000000           0.0000000           0.0000000
           1.6884429           1.8253514           0.0000000           0.0000000           0.0000000           0.0000000
           1.6883652           1.8261469           0.0000000           0.0000000           0.0000000           0.0000000
           1.6882866           1.8269465           0.0000000           0.0000000           0.0000000           0.0000000
           1.6882073           1.8277503           0.0000000           0.0000000           0.0000000           0.0000000
           1.6881273           1.8285585           0.0000000           0.0000000           0.0000000           0.0000000
           1.6880466           1.8293712           0.0000000           0.0000000           0.0000000           0.0000000
           1.6879654           1.8301884           0.0000000           0.0000000           0.0000000           0.0000000
           1.6878837           1.8310103           0.0000000           0.0000000           0.0000000           0.0000000
           1.6878017           1.8318369           0.0000000           0.0000000           0.0000000           0.0000000
           1.6877193           1.8326684           0.0000000           0.0000000           0.0000000           0.0000000
           1.6876367           1.8335049           0.0000000           0.0000000           0.0000000           0.0000000
           1.6875540           1.8343464           0.0000000           0.0000000           0.0000000           0.0000000
           1.6874711           1.8351931           0.0000000           0.0000000           0.0000000           0.0000000
           1.6873882           1.8360450           0.0000000           0.0000000           0.0000000           0.0000000
           1.6873054           1.8369023           0.0000000           0.0000000           0.0000000           0.0000000
           1.6872226           1.8377649           0.0000000           0.0000000           0.0000000           0.0000000
           1.6871400           1.8386331           0.0000000           0.0000000           0.0000000           0.0000000
           1.6870577           1.8395069           0.0000000           0.0000000           0.0000000           0.0000000
           1.6869757           1.8403864           0.0000000           0.0000000           0.0000000           0.0000000
           1.6868940           1.8412717           0.0000000           0.0000000           0.0000000           0.0000000
           1.6868127           1.8421628           0.0000000           0.0000000           0.0000000           0.0000000
           1.6867319           1.8430599           0.0000000           0.0000000           0.0000000           0.0000000
           1.6866516           1.8439629           0.0000000           0.0000000           0.0000000           0.0000000
           1.6865719           1.8448721           0.0000000           0.0000000           0.0000000           0.0000000
           1.6864929           1.8457875           0.0000000           0.0000000           0.0000000           0.0000000
           1.6864145           1.8467092           0.0000000           0.0000000           0.0000000           0.0000000
           1.6863369           1.8476371           0.0000000           0.0000000           0.0000000           0.0000000
           1.6862601           1.8485715           0.0000000           0.0000000           0.0000000           0.0000000
           1.6861841           1.8495124           0.0000000           0.0000000           0.0000000           0.0000000
           1.6861090           1.8504599           0.0000000           0.0000000           0.0000000           0.0000000
           1.6860349           1.8514140           0.0000000           0.0000000           0.0000000           0.0000000
           1.6859617           1.8523748           0.0000000           0.0000000           0.0000000           0.0000000
           1.6858895           1.8533424           0.0000000           0.0000000           0.0000000           0.0000000
           1.6858184           1.8543168           0.0000000           0.0000000           0.0000000           0.0000000
           1.6857484           1.8552981           0.0000000           0.0000000           0.0000000           0.0000000
           1.6856796           1.8562865           0.0000000           0.0000000           0.0000000           0.0000000
           1.6856119           1.8572818           0.0000000           0.0000000           0.0000000           0.0000000
           1.6855454           1.8582843           0.0000000           0.0000000           0.0000000           0.0000000
           1.6854802           1.8592940           0.0000000           0.0000000           0.0000000           0.0000000
           1.6854164           1.8603109           0.0000000           0.0000000           0.0000000           0.0000000
           1.6853538           1.8613352           0.0000000           0.0000000           0.0000000           0.0000000
           1.6852926           1.8623667           0.0000000           0.0000000           0.0000000           0.0000000
           1.6850420           1.8669606           0.0000000           0.0000000           0.0000000           0.0000000
           1.6848204           1.8717010           0.0000000           0.0000000           0.0000000           0.0000000
           1.6846300           1.8765925           0.0000000           0.0000000           0.0000000           0.0000000
           1.6844727           1.8816394           0.0000000           0.0000000           0.0000000           0.0000000
           1.6843498           1.8868459           0.0000000           0.0000000           0.0000000           0.0000000
           1.6842627           1.8922156           0.0000000           0.0000000           0.0000000           0.0000000
           1.6842124           1.8977523           0.0000000           0.0000000           0.0000000           0.0000000
           1.6841995           1.9034594           0.0000000           0.0000000           0.0000000           0.0000000
           1.6842248           1.9093402           0.0000000           0.0000000           0.0000000           0.0000000
           1.6842885           1.9153980           0.0000000           0.0000000           0.0000000           0.0000000
           1.6843908           1.9216358           0.0000000           0.0000000           0.0000000           0.0000000
           1.6845317           1.9280566           0.0000000           0.0000000           0.0000000           0.0000000
           1.6847112           1.9346632           0.0000000           0.0000000           0.0000000           0.0000000
           1.6849289           1.9414585           0.0000000           0.0000000           0.0000000           0.0000000
           1.6851844           1.9484453           0.0000000           0.0000000           0.0000000           0.0000000
           1.6854774           1.9556262           0.0000000           0.0000000           0.0000000           0.0000000
           1.6858072           1.9630040           0.0000000           0.0000000           0.0000000           0.0000000
           1.6861732           1.9705814           0.0000000           0.0000000           0.0000000           0.0000000
           1.6865746           1.9783610           0.0000000           0.0000000           0.0000000           0.0000000
           1.6870106           1.9863456           0.0000000           0.0000000           0.0000000           0.0000000
           1.6874804           1.9945378           0.0000000           0.0000000           0.0000000           0.0000000
           1.6879830           2.0029405           0.0000000           0.0000000           0.0000000           0.0000000
           1.6885176           2.0115563           0.0000000           0.0000000           0.0000000           0.0000000
           1.6890831           2.0203881           0.0000000           0.0000000           0.0000000           0.0000000
           1.6896785           2.0294388           0.0000000           0.0000000           0.0000000           0.0000000
           1.6903028           2.0387113           0.0000000           0.0000000           0.0000000           0.0000000
           1.6909549           2.0482087           0.0000000           0.0000000           0.0000000           0.0000000
           1.6916338           2.0579339           0.0000000           0.0000000           0.0000000           0.0000000
           1.6923384           2.0678901           0.0000000           0.0000000           0.0000000           0.0000000
           1.6930675           2.0780806           0.0000000           0.0000000           0.0000000           0.0000000
           1.6938202           2.0885087           0.0000000           0.0000000           0.0000000           0.0000000
           1.6945953           2.0991778           0.0000000           0.0000000           0.0000000           0.0000000
           1.6953917           2.1100914           0.0000000           0.0000000           0.0000000           0.0000000
           1.6962084           2.1212532           0.0000000           0.0000000           0.0000000           0.0000000
           1.6970443           2.1326670           0.0000000           0.0000000           0.0000000           0.0000000
           1.6978984           2.1443365           0.0000000           0.0000000           0.0000000           0.0000000
           1.6987695           2.1562657           0.0000000           0.0000000           0.0000000           0.0000000
           1.6996567           2.1684587           0.0000000           0.0000000           0.0000000           0.0000000
           1.7005590           2.1809198           0.0000000           0.0000000           0.0000000           0.0000000
           1.7014754           2.1936533           0.0000000           0.0000000           0.0000000           0.0000000
           1.7024049           2.2066637           0.0000000           0.0000000           0.0000000           0.0000000
           1.7033465           2.2199557           0.0000000           0.0000000           0.0000000           0.0000000
           1.7042994           2.2335339           0.0000000           0.0000000           0.0000000           0.0000000
           1.7052625           2.2474032           0.0000000           0.0000000           0.0000000           0.0000000
           1.7062351           2.2615689           0.0000000           0.0000000           0.0000000           0.0000000
           1.7072163           2.2760359           0.0000000           0.0000000           0.0000000           0.0000000
           1.7082051           2.2908098           0.0000000           0.0000000           0.0000000           0.0000000
           1.7092009           2.3058960           0.0000000           0.0000000           0.0000000           0.0000000
           1.7102027           2.3213001           0.0000000           0.0000000           0.0000000           0.0000000
           1.7112099           2.3370282           0.0000000           0.0000000           0.0000000           0.0000000
           1.7122217           2.3530860           0.0000000           0.0000000           0.0000000           0.0000000
           1.7132373           2.3694799           0.0000000           0.0000000           0.0000000           0.0000000
           1.7142560           2.3862161           0.0000000           0.0000000           0.0000000           0.0000000
           1.7152773           2.4033012           0.0000000           0.0000000           0.0000000           0.0000000
           1.7163004           2.4207419           0.0000000           0.0000000           0.0000000           0.0000000
           1.7173246           2.4385450           0.0000000           0.0000000           0.0000000           0.0000000
           1.7183495           2.4567177           0.0000000           0.0000000           0.0000000           0.0000000
           1.7193744           2.4752671           0.0000000           0.0000000           0.0000000           0.0000000
           1.7203987           2.4942007           0.0000000           0.0000000           0.0000000           0.0000000
           1.7214219           2.5135262           0.0000000           0.0000000           0.0000000           0.0000000
           1.7224436           2.5332514           0.0000000           0.0000000           0.0000000           0.0000000
           1.7234631           2.5533844           0.0000000           0.0000000           0.0000000           0.0000000
           1.7244801           2.5739332           0.0000000           0.0000000           0.0000000           0.0000000
           1.7254940           2.5949066           0.0000000           0.0000000           0.0000000           0.0000000
           1.7265044           2.6163130           0.0000000           0.0000000           0.0000000           0.0000000
           1.7275110           2.6381613           0.0000000           0.0000000           0.0000000           0.0000000
           1.7285133           2.6604607           0.0000000           0.0000000           0.0000000           0.0000000
           1.7295110           2.6832205           0.0000000           0.0000000           0.0000000           0.0000000
           1.7305037           2.7064502           0.0000000           0.0000000           0.0000000           0.0000000
           1.7314910           2.7301595           0.0000000           0.0000000           0.0000000           0.0000000
           1.7324727           2.7543586           0.0000000           0.0000000           0.0000000           0.0000000
           1.7334484           2.7790577           0.0000000           0.0000000           0.0000000           0.0000000
           1.7344178           2.8042672           0.0000000           0.0000000           0.0000000           0.0000000
           1.7353807           2.8299979           0.0000000           0.0000000           0.0000000           0.0000000
           1.7363369           2.8562608           0.0000000           0.0000000           0.0000000           0.0000000
           1.7372860           2.8830672           0.0000000           0.0000000           0.0000000           0.0000000
           1.7382279           2.9104285           0.0000000           0.0000000           0.0000000           0.0000000
           1.7391623           2.9383565           0.0000000           0.0000000           0.0000000           0.0000000
           1.7400891           2.9668634           0.0000000           0.0000000           0.0000000           0.0000000
           1.7410080           2.9959614           0.0000000           0.0000000           0.0000000           0.0000000
           1.7419189           3.0256632           0.0000000           0.0000000           0.0000000           0.0000000
           1.7428217           3.0559817           0.0000000           0.0000000           0.0000000           0.0000000
           1.7437161           3.0869300           0.0000000           0.0000000           0.0000000           0.0000000
           1.7446021           3.1185216           0.0000000           0.0000000           0.0000000           0.0000000
           1.7454795           3.1507705           0.0000000           0.0000000           0.0000000           0.0000000
           1.7463483           3.1836906           0.0000000           0.0000000           0.0000000           0.0000000
           1.7472082           3.2172964           0.0000000           0.0000000           0.0000000           0.0000000
           1.7480593           3.2516027           0.0000000           0.0000000           0.0000000           0.0000000
           1.7489014           3.2866245           0.0000000           0.0000000           0.0000000           0.0000000
           1.7497345           3.3223773           0.0000000           0.0000000           0.0000000           0.0000000
           1.7505585           3.3588769           0.0000000           0.0000000           0.0000000           0.0000000
           1.7513734           3.3961393           0.0000000           0.0000000           0.0000000           0.0000000
           1.7521790           3.4341811           0.0000000           0.0000000           0.0000000           0.0000000
           1.7529754           3.4730191           0.0000000           0.0000000           0.0000000           0.0000000
           1.7537626           3.5126705           0.0000000           0.0000000           0.0000000           0.0000000
           1.7545404           3.5531529           0.0000000           0.0000000           0.0000000           0.0000000
           1.7553090           3.5944842           0.0000000           0.0000000           0.0000000           0.0000000
           1.7560682           3.6366830           0.0000000           0.0000000           0.0000000           0.0000000
           1.7568181           3.6797678           0.0000000           0.0000000           0.0000000           0.0000000
           1.7575588           3.7237581           0.0000000           0.0000000           0.0000000           0.0000000
           1.7582901           3.7686733           0.0000000           0.0000000           0.0000000           0.0000000
           1.7590121           3.8145335           0.0000000           0.0000000           0.0000000           0.0000000
           1.7597248           3.8613592           0.0000000           0.0000000           0.0000000           0.0000000
           1.7604283           3.9091714           0.0000000           0.0000000           0.0000000           0.0000000
           1.7611226           3.9579915           0.0000000           0.0000000           0.0000000           0.0000000
           1.7618077           4.0078413           0.0000000           0.0000000           0.0000000           0.0000000
           1.7624836           4.0587431           0.0000000           0.0000000           0.0000000           0.0000000
           1.7631505           4.1107199           0.0000000           0.0000000           0.0000000           0.0000000
           1.7638083           4.1637949           0.0000000           0.0000000           0.0000000           0.0000000
           1.7644571           4.2179920           0.0000000           0.0000000           0.0000000           0.0000000
           1.7650969           4.2733355           0.0000000           0.0000000           0.0000000           0.0000000
           1.7657279           4.3298504           0.0000000           0.0000000           0.0000000           0.0000000
           1.7663501           4.3875621           0.0000000           0.0000000           0.0000000           0.0000000
           1.7669635           4.4464966           0.0000000           0.0000000           0.0000000           0.0000000
           1.7675682           4.5066805           0.0000000           0.0000000           0.0000000           0.0000000
           1.7681643           4.5681408           0.0000000           0.0000000           0.0000000           0.0000000
           1.7687518           4.6309054           0.0000000           0.0000000           0.0000000           0.0000000
           1.7693309           4.6950026           0.0000000           0.0000000           0.0000000           0.0000000
           1.7699016           4.7604613           0.0000000           0.0000000           0.0000000           0.0000000
           1.7704640           4.8273111           0.0000000           0.0000000           0.0000000           0.0000000
           1.7710181           4.8955823           0.0000000           0.0000000           0.0000000           0.0000000
           1.7715641           4.9653058           0.0000000           0.0000000           0.0000000           0.0000000
           1.7721021           5.0365131           0.0000000           0.0000000           0.0000000           0.0000000
           1.7726321           5.1092365           0.0000000           0.0000000           0.0000000           0.0000000
           1.7731542           5.1835089           0.0000000           0.0000000           0.0000000           0.0000000
           1.7736685           5.2593640           0.0000000           0.0000000           0.0000000           0.0000000
           1.7741751           5.3368363           0.0000000           0.0000000           0.0000000           0.0000000
           1.7746742           5.4159608           0.0000000           0.0000000           0.0000000           0.0000000
           1.7751657           5.4967736           0.0000000           0.0000000           0.0000000           0.0000000
           1.7756498           5.5793114           0.0000000           0.0000000           0.0000000           0.0000000
           1.7761267           5.6636115           0.0000000           0.0000000           0.0000000           0.0000000
           1.7765963           5.7497125           0.0000000           0.0000000           0.0000000           0.0000000
           1.7770588           5.8376534           0.0000000           0.0000000           0.0000000           0.0000000
           1.7775143           5.9274742           0.0000000           0.0000000           0.0000000           0.0000000
           1.7779629           6.0192159           0.0000000           0.0000000           0.0000000           0.0000000
           1.7784047           6.1129202           0.0000000           0.0000000           0.0000000           0.0000000
           1.7788398           6.2086299           0.0000000           0.0000000           0.0000000           0.0000000
           1.7792684           6.3063884           0.0000000           0.0000000           0.0000000           0.0000000
           1.7796904           6.4062404           0.0000000           0.0000000           0.0000000           0.0000000
           1.7801061           6.5082315           0.0000000           0.0000000           0.0000000           0.0000000
           1.7805155           6.6124081           0.0000000           0.0000000           0.0000000           0.0000000
           1.7809188           6.7188178           0.0000000           0.0000000           0.0000000           0.0000000
           1.7813160           6.8275092           0.0000000           0.0000000           0.0000000           0.0000000
           1.7817072           6.9385318           0.0000000           0.0000000           0.0000000           0.0000000
           1.7820927           7.0519365           0.0000000           0.0000000           0.0000000           0.0000000
           1.7824724           7.1677749           0.0000000           0.0000000           0.0000000           0.0000000
           1.7828465           7.2861001           0.0000000           0.0000000           0.0000000           0.0000000
           1.7832152           7.4069660           0.0000000           0.0000000           0.0000000           0.0000000
           1.7835784           7.5304280           0.0000000           0.0000000           0.0000000           0.0000000
           1.7839364           7.6565425           0.0000000           0.0000000           0.0000000           0.0000000
           1.7842893           7.7853672           0.0000000           0.0000000           0.0000000           0.0000000
           1.7846372           7.9169610           0.0000000           0.0000000           0.0000000           0.0000000
           1.7849801           8.0513840           0.0000000           0.0000000           0.0000000           0.0000000
           1.7853183           8.1886978           0.0000000           0.0000000           0.0000000           0.0000000
           1.7856518           8.3289652           0.0000000           0.0000000           0.0000000           0.0000000
           1.7859808           8.4722504           0.0000000           0.0000000           0.0000000           0.0000000
           1.7863054           8.6186189           0.0000000           0.0000000           0.0000000           0.0000000
           1.7866257           8.7681377           0.0000000           0.0000000           0.0000000           0.0000000
           1.7869418           8.9208752           0.0000000           0.0000000           0.0000000           0.0000000
           1.7872540           9.0769014           0.0000000           0.0000000           0.0000000           0.0000000
           1.7875622           9.2362875           0.0000000           0.0000000           0.0000000           0.0000000
           1.7878667           9.3991065           0.0000000           0.0000000           0.0000000           0.0000000
           1.7881675           9.5654329           0.0000000           0.0000000           0.0000000           0.0000000
           1.7884649           9.7353427           0.0000000           0.0000000           0.0000000           0.0000000
           1.7887590           9.9089138           0.0000000           0.0000000           0.0000000           0.0000000
           1.7890499          10.0862253           0.0000000           0.0000000           0.0000000           0.0000000
           1.7893377          10.2673584           0.0000000           0.0000000           0.0000000           0.0000000
           1.7896227          10.4523959           0.0000000           0.0000000           0.0000000           0.0000000
           1.7899049          10.6414222           0.0000000           0.0000000           0.0000000           0.0000000
           1.7901846          10.8345238           0.0000000           0.0000000           0.0000000           0.0000000
           1.7904618          11.0317887           0.0000000           0.0000000           0.0000000           0.0000000
           1.7907369          11.2333070           0.0000000           0.0000000           0.0000000           0.0000000
           1.7910098          11.4391707           0.0000000           0.0000000           0.0000000           0.0000000
           1.7912810          11.6494735           0.0000000           0.0000000           0.0000000           0.0000000
           1.7915504          11.8643114           0.0000000           0.0000000           0.0000000           0.0000000
           1.7918183          12.0837821           0.0000000           0.0000000           0.0000000           0.0000000
           1.7920850          12.3079856           0.0000000           0.0000000           0.0000000           0.0000000
           1.7923505          12.5370238           0.0000000           0.0000000           0.0000000           0.0000000
           1.7926152          12.7710008           0.0000000           0.0000000           0.0000000           0.0000000
           1.7928793          13.0100229           0.0000000           0.0000000           0.0000000           0.0000000
           1.7931429          13.2541986           0.0000000           0.0000000           0.0000000           0.0000000
           1.7934063          13.5036386           0.0000000           0.0000000           0.0000000           0.0000000
           1.7936699          13.7584558           0.0000000           0.0000000           0.0000000           0.0000000
           1.7939337          14.0187656           0.0000000           0.0000000           0.0000000           0.0000000
           1.7941982          14.2846857           0.0000000           0.0000000           0.0000000           0.0000000
           1.7944636          14.5563360           0.0000000           0.0000000           0.0000000           0.0000000
           1.7947302          14.8338391           0.0000000           0.0000000           0.0000000           0.0000000
           1.7949983          15.1173200           0.0000000           0.0000000           0.0000000           0.0000000
           1.7952683          15.4069062           0.0000000           0.0000000           0.0000000           0.0000000
           1.7955404          15.7027277           0.0000000           0.0000000           0.0000000           0.0000000
           1.7958152          16.0049171           0.0000000           0.0000000           0.0000000           0.0000000
           1.7960928          16.3136097           0.0000000           0.0000000           0.0000000           0.0000000
           1.7963738          16.6289435           0.0000000           0.0000000           0.0000000           0.0000000
           1.7966585          16.9510591           0.0000000           0.0000000           0.0000000           0.0000000
           1.7969475          17.2800998           0.0000000           0.0000000           0.0000000           0.0000000
           1.7972412          17.6162118           0.0000000           0.0000000           0.0000000           0.0000000
           1.7975400          17.9595440           0.0000000           0.0000000           0.0000000           0.0000000
           1.7978445          18.3102482           0.0000000           0.0000000           0.0000000           0.0000000
           1.7981552          18.6684791           0.0000000           0.0000000           0.0000000           0.0000000
           1.7984728          19.0343941           0.0000000           0.0000000           0.0000000           0.0000000
           1.7987978          19.4081537           0.0000000           0.0000000           0.0000000           0.0000000
           1.7991310          19.7899213           0.0000000           0.0000000           0.0000000           0.0000000
           1.7994729          20.1798631           0.0000000           0.0000000           0.0000000           0.0000000
           1.7998243          20.5781484           0.0000000           0.0000000           0.0000000           0.0000000
           1.8001860          20.9849496           0.0000000           0.0000000           0.0000000           0.0000000
           1.8005588          21.4004417           0.0000000           0.0000000           0.0000000           0.0000000
           1.8009435          21.8248029           0.0000000           0.0000000           0.0000000           0.0000000
           1.8013412          22.2582146           0.0000000           0.0000000           0.0000000           0.0000000
           1.8017526          22.7008607           0.0000000           0.0000000           0.0000000           0.0000000
           1.8021790          23.1529283           0.0000000           0.0000000           0.0000000           0.0000000
           1.8026213          23.6146074           0.0000000           0.0000000           0.0000000           0.0000000
           1.8030807          24.0860909           0.0000000           0.0000000           0.0000000           0.0000000
           1.8035584          24.5675744           0.0000000           0.0000000           0.0000000           0.0000000
           1.8040558          25.0592564           0.0000000           0.0000000           0.0000000           0.0000000
           1.8045741          25.5613381           0.0000000           0.0000000           0.0000000           0.0000000
           1.8051150          26.0740233           0.0000000           0.0000000           0.0000000           0.0000000
           1.8056798          26.5975185           0.0000000           0.0000000           0.0000000           0.0000000
           1.8062703          27.1320323           0.0000000           0.0000000           0.0000000           0.0000000
           1.8068881          27.6777759           0.0000000           0.0000000           0.0000000           0.0000000
           1.8075352          28.2349626           0.0000000           0.0000000           0.0000000           0.0000000
           1.8082134          28.8038079           0.0000000           0.0000000           0.0000000           0.0000000
           1.8089249          29.3845288           0.0000000           0.0000000           0.0000000           0.0000000
           1.8096718          29.9773442           0.0000000           0.0000000           0.0000000           0.0000000
           1.8104565          30.5824745           0.0000000           0.0000000           0.0000000           0.0000000
           1.8112814          31.2001410           0.0000000           0.0000000           0.0000000           0.0000000
           1.8121491          31.8305663           0.0000000           0.0000000           0.0000000           0.0000000
           1.8130624          32.4739732           0.0000000           0.0000000           0.0000000           0.0000000
           1.8140242          33.1305851           0.0000000           0.0000000           0.0000000           0.0000000
           1.8150376          33.8006253           0.0000000           0.0000000           0.0000000           0.0000000
           1.8161059          34.4843163           0.0000000           0.0000000           0.0000000           0.0000000
           1.8172325          35.1818800           0.0000000           0.0000000           0.0000000           0.0000000
           1.8184211          35.8935368           0.0000000           0.0000000           0.0000000           0.0000000
           1.8196756          36.6195052           0.0000000           0.0000000           0.0000000           0.0000000
           1.8210001          37.3600010           0.0000000           0.0000000           0.0000000           0.0000000
           1.8223989          38.1152372           0.0000000           0.0000000           0.0000000           0.0000000
           1.8238766          38.8854228           0.0000000           0.0000000           0.0000000           0.0000000
           1.8254379          39.6707624           0.0000000           0.0000000           0.0000000           0.0000000
           1.8270879          40.4714552           0.0000000           0.0000000           0.0000000           0.0000000
           1.8288320          41.2876945           0.0000000           0.0000000           0.0000000           0.0000000
           1.8306758          42.1196664           0.0000000           0.0000000           0.0000000           0.0000000
           1.8326252          42.9675490           0.0000000           0.0000000           0.0000000           0.0000000
           1.8346865          43.8315117           0.0000000           0.0000000           0.0000000           0.0000000
           1.8368661          44.7117135           0.0000000           0.0000000           0.0000000           0.0000000
           1.8391709          45.6083024           0.0000000           0.0000000           0.0000000           0.0000000
           1.8416082          46.5214139           0.0000000           0.0000000           0.0000000           0.0000000
           1.8441853          47.4511696           0.0000000           0.0000000           0.0000000           0.0000000
           1.8469103          48.3976763           0.0000000           0.0000000           0.0000000           0.0000000
           1.8497913          49.3610239           0.0000000           0.0000000           0.0000000           0.0000000
           1.8528368          50.3412847           0.0000000           0.0000000           0.0000000           0.0000000
           1.8560559          51.3385111           0.0000000           0.0000000           0.0000000           0.0000000
           1.8594579          52.3527345           0.0000000           0.0000000           0.0000000           0.0000000
           1.8630523          53.3839633           0.0000000           0.0000000           0.0000000           0.0000000
           1.8668491          54.4321816           0.0000000           0.0000000           0.0000000           0.0000000
           1.8708589          55.4973471           0.0000000           0.0000000           0.0000000           0.0000000
           1.8750922          56.5793893           0.0000000           0.0000000           0.0000000           0.0000000
           1.8795602          57.6782079           0.0000000           0.0000000           0.0000000           0.0000000
           1.8842741          58.7936711           0.0000000           0.0000000           0.0000000           0.0000000
           1.8892457          59.9256135           0.0000000           0.0000000           0.0000000           0.0000000
           1.8944868          61.0738345           0.0000000           0.0000000           0.0000000           0.0000000
           1.9000098          62.2380967           0.0000000           0.0000000           0.0000000           0.0000000
           1.9058270          63.4181240           0.0000000           0.0000000           0.0000000           0.0000000
           1.9119509          64.6136002           0.0000000           0.0000000           0.0000000           0.0000000
           1.9183945          65.8241675           0.0000000           0.0000000           0.0000000           0.0000000
           1.9251704          67.0494252           0.0000000           0.0000000           0.0000000           0.0000000
           1.9322918          68.2889287           0.0000000           0.0000000           0.0000000           0.0000000
           1.9397713          69.5421880           0.0000000           0.0000000           0.0000000           0.0000000
           1.9476219          70.8086675           0.0000000           0.0000000           0.0000000           0.0000000
           1.9558564          72.0877854           0.0000000           0.0000000           0.0000000           0.0000000
           1.9644872          73.3789130           0.0000000           0.0000000           0.0000000           0.0000000
           1.9735267          74.6813754           0.0000000           0.0000000           0.0000000           0.0000000
           1.9829866          75.9944511           0.0000000           0.0000000           0.0000000           0.0000000
           1.9928787          77.3173733           0.0000000           0.0000000           0.0000000           0.0000000
           2.0032137          78.6493308           0.0000000           0.0000000           0.0000000           0.0000000
           2.0140023          79.9894690           0.0000000           0.0000000           0.0000000           0.0000000
           2.0252540          81.3368921           0.0000000           0.0000000           0.0000000           0.0000000
           2.0369779          82.6906652           0.0000000           0.0000000           0.0000000           0.0000000
           2.0491821          84.0498165           0.0000000           0.0000000           0.0000000           0.0000000
           2.0618738          85.4133405           0.0000000           0.0000000           0.0000000           0.0000000
           2.0750592          86.7802011           0.0000000           0.0000000           0.0000000           0.0000000
           2.0887435          88.1493353           0.0000000           0.0000000           0.0000000           0.0000000
           2.1029307          89.5196568           0.0000000           0.0000000           0.0000000           0.0000000
           2.1176234          90.8900604           0.0000000           0.0000000           0.0000000           0.0000000
           2.1328231          92.2594266           0.0000000           0.0000000           0.0000000           0.0000000
           2.1485301          93.6266256           0.0000000           0.0000000           0.0000000           0.0000000
           2.1647432          94.9905227           0.0000000           0.0000000           0.0000000           0.0000000
           2.1814596          96.3499827           0.0000000           0.0000000           0.0000000           0.0000000
           2.1986756          97.7038752           0.0000000           0.0000000           0.0000000           0.0000000
           2.2163855          99.0510790           0.0000000           0.0000000           0.0000000           0.0000000
           2.2345827         100.3904877           0.0000000           0.0000000           0.0000000           0.0000000
           2.2532588         101.7210137           0.0000000           0.0000000           0.0000000           0.0000000
           2.2724042         103.0415933           0.0000000           0.0000000           0.0000000           0.0000000
           2.2920079         104.3511908           0.0000000           0.0000000           0.0000000           0.0000000
           2.3120577         105.6488031           0.0000000           0.0000000           0.0000000           0.0000000
           2.3325401         106.9334628           0.0000000           0.0000000           0.0000000           0.0000000
           2.3534402         108.2042424           0.0000000           0.0000000           0.0000000           0.0000000
           2.3747424         109.4602574           0.0000000           0.0000000           0.0000000           0.0000000
           2.3964298         110.7006688           0.0000000           0.0000000           0.0000000           0.0000000
           2.4184845         111.9246857           0.0000000           0.0000000           0.0000000           0.0000000
           2.4408879         113.1315675           0.0000000           0.0000000           0.0000000           0.0000000
           2.4636206         114.3206252           0.0000000           0.0000000           0.0000000           0.0000000
