  4.600000000000005E+028  2.240000000000002E+029  8.300000000000011E+035
  4.292969783666164E+028  2.090489633785263E+029  7.569689966654063E+035
  4.006432513797978E+028  1.950958441501624E+029  6.903639300152186E+035
  3.739020374354864E+028  1.820740356207586E+029  6.296193872742243E+035
  3.489456845134253E+028  1.699213768065375E+029  5.742197058627190E+035
  3.256550608167043E+028  1.585798557020473E+029  5.236945959185621E+035
  3.039189860834951E+028  1.479953323537019E+029  4.776151479898421E+035
  2.836337008562827E+028  1.381172804169724E+029  4.355901920073130E+035
  2.647023711750932E+028  1.288985459635236E+029  3.972629766277918E+035
  2.470346263303172E+028  1.202951223869371E+029  3.623081407593397E+035
  2.305461274685463E+028  1.122659403325095E+029  3.304289515594046E+035
  2.151581649921121E+028  1.047726716483328E+029  3.013547854591857E+035
  2.007972828304772E+028  9.777954642179761E+028  2.748388308305522E+035
  1.873949277898928E+028  9.125318222812170E+028  2.506559927933690E+035
  1.748871223074590E+028  8.516242477580615E+028  2.286009823770694E+035
  1.632141590474456E+028  7.947819918832133E+028  2.084865738152967E+035
  1.523203158819928E+028  7.417337121210083E+028  1.901420151797266E+035
  1.421535898956260E+028  6.922261768830484E+028  1.734115788608866E+035
  1.326654491438233E+028  6.460230567003570E+028  1.581532395909486E+035
  1.238106009806376E+028  6.029037960796267E+028  1.442374687861974E+035
  1.155467758494402E+028  5.626625606581438E+028  1.315461349742717E+035
  1.078345255047160E+028  5.251072546316608E+028  1.199715009719114E+035
  1.006370347016791E+028  4.900586037646982E+028  1.094153093001813E+035
  9.391994545479806E+027  4.573492996059732E+028  9.978794807324488E+034
  8.765119302630912E+027  4.268232008237661E+028  9.100769027988402E+034
  8.180085286179025E+027  3.983345878487178E+028  8.299999999999974E+034
  7.634099774212764E+027  3.717474672660129E+028  7.569689966654032E+034
  7.124556446997403E+027  3.469349226363953E+028  6.903639300152154E+034
  6.649022945431258E+027  3.237785086470873E+028  6.296193872742213E+034
  6.205229259921600E+027  3.021676857005301E+028  5.742197058627164E+034
  5.791056894253164E+027  2.819992922418932E+028  5.236945959185597E+034
  5.404528752721833E+027  2.631770523064544E+028  4.776151479898399E+034
  5.043799702258650E+027  2.456111159360734E+028  4.355901920073111E+034
  4.707147764491468E+027  2.292176302708889E+028  3.972629766277897E+034
  4.392965895698607E+027  2.139183392688017E+028  3.623081407593379E+034
  4.099754315415231E+027  1.996402101419591E+028  3.304289515594030E+034
  3.826113347072290E+027  1.863150847269985E+028  3.013547854591845E+034
  3.570736736491986E+027  1.738793541248272E+028  2.748388308305510E+034
  3.332405416344959E+027  1.622736550567980E+028  2.506559927933678E+034
  3.109981686803122E+027  1.514425864878042E+028  2.286009823770683E+034
  2.902403784608895E+027  1.413344451635636E+028  2.084865738152957E+034
  2.708680814635716E+027  1.319009787996522E+028  1.901420151797258E+034
  2.527888019745079E+027  1.230971557441082E+028  1.734115788608858E+034
  2.359162366360285E+027  1.148809500140661E+028  1.581532395909501E+034
  2.201698424684143E+027  1.072131406802713E+028  1.442374687861988E+034
  2.054744523894437E+027  1.000571246418161E+028  1.315461349742730E+034
  1.917599163963550E+027  9.337874189735548E+027  1.199715009719126E+034
  1.789607666973698E+027  8.714611247871922E+027  1.094153093001824E+034
  1.670159051942473E+027  8.132948426850304E+027  9.978794807324582E+033
  1.558683118240338E+027  7.590109097518171E+027  9.100769027988488E+033
  1.454647723677461E+027  7.083501958777204E+027  8.300000000000051E+033
  1.357556244266544E+027  6.610708667732738E+027  7.569689966654103E+033
  1.266945203535563E+027  6.169472295477527E+027  6.903639300152219E+033
  1.182382060073684E+027  5.757686553402287E+027  6.296193872742272E+033
  1.103463142748972E+027  5.373385738603691E+027  5.742197058627220E+033
  1.029811723741443E+027  5.014735350393113E+027  5.236945959185648E+033
  9.610762201928647E+026  4.680023333113080E+027  4.776151479898445E+033
  8.969285158886976E+026  4.367651903458006E+027  4.355901920073091E+033
  8.370623949605895E+026  4.076129923286349E+027  3.972629766277880E+033
  7.811920801323998E+026  3.804065781514295E+027  3.623081407593362E+033
  7.290508685321099E+026  3.550160751112884E+027  3.304289515594013E+033
  6.803898585573737E+026  3.313202789496776E+027  3.013547854591830E+033
  6.349767617173256E+026  3.092060752710455E+027  2.748388308305498E+033
  5.925947937788404E+026  2.885678995792615E+027  2.506559927933666E+033
  5.530416399240090E+026  2.693072333543000E+027  2.286009823770673E+033
  5.161284889789023E+026  2.513321337636394E+027  2.084865738152947E+033
  4.816791321034131E+026  2.345567947634012E+027  1.901420151797248E+033
  4.495291216396725E+026  2.189011374941014E+027  1.734115788608851E+033
  4.195249861037181E+026  2.042904280157236E+027  1.581532395909493E+033
  3.915234975730931E+026  1.906549205573323E+027  1.442374687861981E+033
  3.653909879731695E+026  1.779295245782391E+027  1.315461349742725E+033
  3.410027109984222E+026  1.660534940514056E+027  1.199715009719120E+033
  3.182422466227110E+026  1.549701374858419E+027  1.094153093001819E+033
  2.970009453559418E+026  1.446265473037630E+027  9.978794807324538E+032
  2.771774095942048E+026  1.349733472806562E+027  9.100769027988445E+032
  2.586770095875610E+026  1.259644568426384E+027  8.300000000000016E+032
  2.414114317148958E+026  1.175568710959493E+027  7.569689966654069E+032
  2.252982569094857E+026  1.097104555385322E+027  6.903639300152188E+032
  2.102605672228430E+026  1.023877544737322E+027  6.296193872742243E+032
  1.962265786487331E+026  9.555381221155700E+026  5.742197058627192E+032
  1.831292984546092E+026  8.917600620398361E+026  5.236945959185622E+032
  1.709062053846999E+026  8.322389131776690E+026  4.776151479898422E+032
  1.594989512081651E+026  7.766905450136736E+026  4.355901920073132E+032
  1.488530821876295E+026  7.248497915223699E+026  3.972629766277917E+032
  1.389177791384933E+026  6.764691853700543E+026  3.623081407593397E+032
  1.296456148381654E+026  6.313177766032404E+026  3.304289515594046E+032
  1.209923276271881E+026  5.891800301845681E+026  3.013547854591858E+032
  1.129166101215119E+026  5.498547971134495E+026  2.748388308305524E+032
  1.053799120273181E+026  5.131543542199839E+026  2.506559927933691E+032
  9.834625611710320E+025  4.789035080485026E+026  2.286009823770695E+032
  9.178206648856801E+025  4.469387585530269E+026  2.084865738152938E+032
  8.565600828649151E+025  4.171075186124804E+026  1.901420151797240E+032
  7.993883812247092E+025  3.892673856398584E+026  1.734115788608842E+032
  7.460326447851046E+025  3.632854618083988E+026  1.581532395909486E+032
  6.962381742806529E+025  3.390377196497093E+026  1.442374687861974E+032
  6.497672705264647E+025  3.164084099954959E+026  1.315461349742718E+032
  6.063980997359453E+025  2.952895094366343E+026  1.199715009719115E+032
  5.659236345736936E+025  2.755802046619726E+026  1.094153093001813E+032
  5.281506658885647E+025  2.571864112153010E+026  9.978794807324490E+031
  4.928988804092979E+025  2.400203243732233E+026  9.100769027988410E+031
  4.599999999999990E+025  2.239999999999995E+026  8.299999999999977E+031
  4.292969783666152E+025  2.090489633785256E+026  7.569689966654035E+031
  4.006432513797965E+025  1.950958441501618E+026  6.903639300152154E+031
  3.739020374354851E+025  1.820740356207580E+026  6.296193872742212E+031
  3.489456845134242E+025  1.699213768065370E+026  5.742197058627165E+031
  3.256550608167032E+025  1.585798557020468E+026  5.236945959185601E+031
  3.039189860834939E+025  1.479953323537014E+026  4.776151479898398E+031
  2.836337008562818E+025  1.381172804169720E+026  4.355901920073113E+031
  2.647023711750923E+025  1.288985459635232E+026  3.972629766277900E+031
  2.470346263303164E+025  1.202951223869367E+026  3.623081407593380E+031
  2.305461274685454E+025  1.122659403325091E+026  3.304289515594031E+031
  2.151581649921114E+025  1.047726716483325E+026  3.013547854591846E+031
  2.007972828304766E+025  9.777954642179731E+025  2.748388308305510E+031
  1.873949277898921E+025  9.125318222812141E+025  2.506559927933679E+031
  1.748871223074584E+025  8.516242477580586E+025  2.286009823770683E+031
  1.632141590474451E+025  7.947819918832110E+025  2.084865738152958E+031
  1.523203158819923E+025  7.417337121210059E+025  1.901420151797257E+031
  1.421535898956256E+025  6.922261768830463E+025  1.734115788608859E+031
  1.326654491438243E+025  6.460230567003617E+025  1.581532395909501E+031
  1.238106009806385E+025  6.029037960796311E+025  1.442374687861988E+031
  1.155467758494411E+025  5.626625606581480E+025  1.315461349742731E+031
  1.078345255047168E+025  5.251072546316645E+025  1.199715009719126E+031
  1.006370347016798E+025  4.900586037647017E+025  1.094153093001824E+031
  9.391994545479876E+024  4.573492996059765E+025  9.978794807324585E+030
  8.765119302630979E+024  4.268232008237695E+025  9.100769027988494E+030
  8.180085286179087E+024  3.983345878487208E+025  8.300000000000058E+030
  7.634099774212819E+024  3.717474672660155E+025  7.569689966654104E+030
  7.124556446997455E+024  3.469349226363978E+025  6.903639300152222E+030
  6.649022945431304E+024  3.237785086470896E+025  6.296193872742273E+030
  6.205229259921646E+024  3.021676857005323E+025  5.742197058627222E+030
  5.791056894253206E+024  2.819992922418953E+025  5.236945959185649E+030
  5.404528752721813E+024  2.631770523064535E+025  4.776151479898377E+030
  5.043799702258631E+024  2.456111159360725E+025  4.355901920073090E+030
  4.707147764491453E+024  2.292176302708882E+025  3.972629766277880E+030
  4.392965895698593E+024  2.139183392688010E+025  3.623081407593364E+030
  4.099754315415217E+024  1.996402101419584E+025  3.304289515594014E+030
  3.826113347072278E+024  1.863150847269979E+025  3.013547854591831E+030
  3.570736736491974E+024  1.738793541248266E+025  2.748388308305498E+030
  3.332405416344949E+024  1.622736550567975E+025  2.506559927933668E+030
  3.109981686803111E+024  1.514425864878037E+025  2.286009823770673E+030
  2.902403784608885E+024  1.413344451635631E+025  2.084865738152948E+030
  2.708680814635707E+024  1.319009787996518E+025  1.901420151797249E+030
  2.527888019745071E+024  1.230971557441078E+025  1.734115788608851E+030
  2.359162366360277E+024  1.148809500140657E+025  1.581532395909494E+030
  2.201698424684136E+024  1.072131406802710E+025  1.442374687861981E+030
  2.054744523894430E+024  1.000571246418157E+025  1.315461349742724E+030
  1.917599163963544E+024  9.337874189735518E+024  1.199715009719121E+030
  1.789607666973692E+024  8.714611247871890E+024  1.094153093001819E+030
  1.670159051942468E+024  8.132948426850279E+024  9.978794807324542E+029
  1.558683118240334E+024  7.590109097518146E+024  9.100769027988449E+029
  1.454647723677457E+024  7.083501958777180E+024  8.300000000000016E+029
  1.357556244266540E+024  6.610708667732716E+024  7.569689966654068E+029
  1.266945203535559E+024  6.169472295477506E+024  6.903639300152188E+029
  1.182382060073680E+024  5.757686553402268E+024  6.296193872742245E+029
  1.103463142748969E+024  5.373385738603674E+024  5.742197058627193E+029
  1.029811723741439E+024  5.014735350393095E+024  5.236945959185624E+029
  9.610762201928614E+023  4.680023333113065E+024  4.776151479898424E+029
  8.969285158887039E+023  4.367651903458037E+024  4.355901920073133E+029
  8.370623949605958E+023  4.076129923286380E+024  3.972629766277920E+029
  7.811920801324055E+023  3.804065781514323E+024  3.623081407593396E+029
  7.290508685321154E+023  3.550160751112910E+024  3.304289515594047E+029
  6.803898585573788E+023  3.313202789496801E+024  3.013547854591861E+029
  6.349767617173304E+023  3.092060752710478E+024  2.748388308305525E+029
  5.925947937788386E+023  2.885678995792606E+024  2.506559927933656E+029
  5.530416399240071E+023  2.693072333542991E+024  2.286009823770663E+029
  5.161284889789007E+023  2.513321337636386E+024  2.084865738152938E+029
  4.816791321034116E+023  2.345567947634004E+024  1.901420151797240E+029
  4.495291216396709E+023  2.189011374941006E+024  1.734115788608842E+029
  4.195249861037167E+023  2.042904280157229E+024  1.581532395909486E+029
  3.915234975730916E+023  1.906549205573316E+024  1.442374687861974E+029
  3.653909879731682E+023  1.779295245782384E+024  1.315461349742718E+029
  3.410027109984210E+023  1.660534940514050E+024  1.199715009719115E+029
  3.182422466227098E+023  1.549701374858413E+024  1.094153093001813E+029
  2.970009453559407E+023  1.446265473037624E+024  9.978794807324492E+028
  2.771774095942039E+023  1.349733472806558E+024  9.100769027988408E+028
  2.586770095875601E+023  1.259644568426380E+024  8.299999999999978E+028
  2.414114317148950E+023  1.175568710959489E+024  7.569689966654033E+028
  2.252982569094850E+023  1.097104555385318E+024  6.903639300152158E+028
  2.102605672228423E+023  1.023877544737319E+024  6.296193872742216E+028
  1.962265786487325E+023  9.555381221155670E+023  5.742197058627168E+028
  1.831292984546086E+023  8.917600620398333E+023  5.236945959185600E+028
  1.709062053846993E+023  8.322389131776663E+023  4.776151479898400E+028
  1.594989512081646E+023  7.766905450136708E+023  4.355901920073112E+028
  1.488530821876291E+023  7.248497915223676E+023  3.972629766277901E+028
  1.389177791384928E+023  6.764691853700520E+023  3.623081407593380E+028
  1.296456148381650E+023  6.313177766032383E+023  3.304289515594032E+028
  1.209923276271877E+023  5.891800301845662E+023  3.013547854591846E+028
  1.129166101215116E+023  5.498547971134476E+023  2.748388308305511E+028
  1.053799120273177E+023  5.131543542199819E+023  2.506559927933678E+028
  9.834625611710287E+022  4.789035080485009E+023  2.286009823770684E+028
  9.178206648856868E+022  4.469387585530301E+023  2.084865738152958E+028
  8.565600828649211E+022  4.171075186124833E+023  1.901420151797258E+028
  7.993883812247150E+022  3.892673856398612E+023  1.734115788608860E+028
  7.460326447851102E+022  3.632854618084015E+023  1.581532395909502E+028
  6.962381742806581E+022  3.390377196497118E+023  1.442374687861988E+028
  6.497672705264692E+022  3.164084099954981E+023  1.315461349742730E+028
  6.063980997359497E+022  2.952895094366364E+023  1.199715009719126E+028
  5.659236345736980E+022  2.755802046619747E+023  1.094153093001824E+028
  5.281506658885684E+022  2.571864112153029E+023  9.978794807324587E+027
  4.928988804093013E+022  2.400203243732250E+023  9.100769027988495E+027
  4.600000000000025E+022  2.240000000000012E+023  8.300000000000060E+027
  4.292969783666183E+022  2.090489633785271E+023  7.569689966654107E+027
  4.006432513797994E+022  1.950958441501632E+023  6.903639300152225E+027
  3.739020374354879E+022  1.820740356207593E+023  6.296193872742276E+027
  3.489456845134268E+022  1.699213768065383E+023  5.742197058627222E+027
  3.256550608167056E+022  1.585798557020480E+023  5.236945959185652E+027
  3.039189860834930E+022  1.479953323537010E+023  4.776151479898379E+027
  2.836337008562808E+022  1.381172804169715E+023  4.355901920073093E+027
  2.647023711750913E+022  1.288985459635227E+023  3.972629766277881E+027
  2.470346263303155E+022  1.202951223869363E+023  3.623081407593363E+027
  2.305461274685447E+022  1.122659403325087E+023  3.304289515594016E+027
  2.151581649921107E+022  1.047726716483321E+023  3.013547854591831E+027
  2.007972828304760E+022  9.777954642179699E+022  2.748388308305499E+027
  1.873949277898915E+022  9.125318222812108E+022  2.506559927933668E+027
  1.748871223074578E+022  8.516242477580556E+022  2.286009823770673E+027
  1.632141590474445E+022  7.947819918832080E+022  2.084865738152948E+027
  1.523203158819918E+022  7.417337121210034E+022  1.901420151797249E+027
  1.421535898956251E+022  6.922261768830439E+022  1.734115788608851E+027
  1.326654491438239E+022  6.460230567003597E+022  1.581532395909495E+027
  1.238106009806381E+022  6.029037960796290E+022  1.442374687861981E+027
  1.155467758494407E+022  5.626625606581462E+022  1.315461349742725E+027
  1.078345255047165E+022  5.251072546316628E+022  1.199715009719121E+027
  1.006370347016795E+022  4.900586037647002E+022  1.094153093001819E+027
  9.391994545479847E+021  4.573492996059752E+022  9.978794807324546E+026
  8.765119302630948E+021  4.268232008237680E+022  9.100769027988452E+026
  8.180085286179058E+021  3.983345878487194E+022  8.300000000000019E+026
  7.634099774212794E+021  3.717474672660143E+022  7.569689966654071E+026
  7.124556446997431E+021  3.469349226363966E+022  6.903639300152191E+026
  6.649022945431283E+021  3.237785086470886E+022  6.296193872742246E+026
  6.205229259921625E+021  3.021676857005313E+022  5.742197058627195E+026
  5.791056894253186E+021  2.819992922418943E+022  5.236945959185625E+026
  5.404528752721854E+021  2.631770523064555E+022  4.776151479898424E+026
  5.043799702258671E+021  2.456111159360744E+022  4.355901920073135E+026
  4.707147764491488E+021  2.292176302708899E+022  3.972629766277920E+026
  4.392965895698578E+021  2.139183392688003E+022  3.623081407593347E+026
  4.099754315415205E+021  1.996402101419578E+022  3.304289515594001E+026
  3.826113347072264E+021  1.863150847269972E+022  3.013547854591818E+026
  3.570736736491962E+021  1.738793541248260E+022  2.748388308305486E+026
  3.332405416344937E+021  1.622736550567969E+022  2.506559927933656E+026
  3.109981686803100E+021  1.514425864878031E+022  2.286009823770662E+026
  2.902403784608875E+021  1.413344451635626E+022  2.084865738152938E+026
  2.708680814635697E+021  1.319009787996514E+022  1.901420151797240E+026
  2.527888019745063E+021  1.230971557441074E+022  1.734115788608844E+026
  2.359162366360270E+021  1.148809500140653E+022  1.581532395909487E+026
  2.201698424684129E+021  1.072131406802706E+022  1.442374687861975E+026
  2.054744523894424E+021  1.000571246418154E+022  1.315461349742719E+026
  1.917599163963537E+021  9.337874189735486E+021  1.199715009719115E+026
  1.789607666973686E+021  8.714611247871861E+021  1.094153093001814E+026
  1.670159051942462E+021  8.132948426850249E+021  9.978794807324493E+025
  1.558683118240329E+021  7.590109097518122E+021  9.100769027988409E+025
  1.454647723677452E+021  7.083501958777157E+021  8.299999999999980E+025
  1.357556244266536E+021  6.610708667732695E+021  7.569689966654036E+025
  1.266945203535555E+021  6.169472295477484E+021  6.903639300152157E+025
  1.182382060073676E+021  5.757686553402250E+021  6.296193872742217E+025
  1.103463142748965E+021  5.373385738603656E+021  5.742197058627169E+025
  1.029811723741436E+021  5.014735350393079E+021  5.236945959185601E+025
  9.610762201928579E+020  4.680023333113048E+021  4.776151479898402E+025
  8.969285158887009E+020  4.367651903458022E+021  4.355901920073113E+025
  8.370623949605929E+020  4.076129923286366E+021  3.972629766277901E+025
  7.811920801324031E+020  3.804065781514311E+021  3.623081407593382E+025
  7.290508685321130E+020  3.550160751112898E+021  3.304289515594033E+025
  6.803898585573763E+020  3.313202789496789E+021  3.013547854591847E+025
  6.349767617173281E+020  3.092060752710468E+021  2.748388308305512E+025
  5.925947937788427E+020  2.885678995792625E+021  2.506559927933680E+025
  5.530416399240111E+020  2.693072333543011E+021  2.286009823770685E+025
  5.161284889789045E+020  2.513321337636405E+021  2.084865738152959E+025
  4.816791321034152E+020  2.345567947634022E+021  1.901420151797259E+025
  4.495291216396743E+020  2.189011374941023E+021  1.734115788608860E+025
  4.195249861037199E+020  2.042904280157245E+021  1.581532395909502E+025
  3.915234975730946E+020  1.906549205573330E+021  1.442374687861989E+025
  3.653909879731709E+020  1.779295245782397E+021  1.315461349742731E+025
  3.410027109984235E+020  1.660534940514062E+021  1.199715009719126E+025
  3.182422466227122E+020  1.549701374858425E+021  1.094153093001825E+025
  2.970009453559430E+020  1.446265473037635E+021  9.978794807324593E+024
  2.771774095942059E+020  1.349733472806568E+021  9.100769027988496E+024
  2.586770095875620E+020  1.259644568426389E+021  8.300000000000060E+024
  2.414114317148967E+020  1.175568710959497E+021  7.569689966654106E+024
  2.252982569094865E+020  1.097104555385326E+021  6.903639300152223E+024
  2.102605672228438E+020  1.023877544737326E+021  6.296193872742277E+024
  1.962265786487318E+020  9.555381221155638E+020  5.742197058627142E+024
  1.831292984546081E+020  8.917600620398306E+020  5.236945959185578E+024
  1.709062053846988E+020  8.322389131776638E+020  4.776151479898381E+024
  1.594989512081641E+020  7.766905450136686E+020  4.355901920073095E+024
  1.488530821876285E+020  7.248497915223651E+020  3.972629766277881E+024
  1.389177791384923E+020  6.764691853700496E+020  3.623081407593363E+024
  1.296456148381646E+020  6.313177766032361E+020  3.304289515594016E+024
  1.209923276271873E+020  5.891800301845642E+020  3.013547854591832E+024
  1.129166101215112E+020  5.498547971134458E+020  2.748388308305500E+024
  1.053799120273174E+020  5.131543542199806E+020  2.506559927933669E+024
  9.834625611710254E+019  4.789035080484993E+020  2.286009823770674E+024
  9.178206648856837E+019  4.469387585530285E+020  2.084865738152948E+024
  8.565600828649187E+019  4.171075186124822E+020  1.901420151797250E+024
  7.993883812247123E+019  3.892673856398599E+020  1.734115788608852E+024
  7.460326447851078E+019  3.632854618084003E+020  1.581532395909495E+024
  6.962381742806558E+019  3.390377196497106E+020  1.442374687861982E+024
  6.497672705264673E+019  3.164084099954971E+020  1.315461349742725E+024
  6.063980997359478E+019  2.952895094366355E+020  1.199715009719121E+024
  5.659236345736961E+019  2.755802046619738E+020  1.094153093001819E+024
  5.281506658885666E+019  2.571864112153020E+020  9.978794807324544E+023
  4.928988804092998E+019  2.400203243732242E+020  9.100769027988454E+023
  4.600000000000007E+019  2.240000000000004E+020  8.300000000000020E+023
  4.292969783666169E+019  2.090489633785265E+020  7.569689966654074E+023
  4.006432513797981E+019  1.950958441501626E+020  6.903639300152192E+023
  3.739020374354866E+019  1.820740356207587E+020  6.296193872742247E+023
  3.489456845134255E+019  1.699213768065377E+020  5.742197058627194E+023
  3.256550608167045E+019  1.585798557020474E+020  5.236945959185627E+023
  3.039189860834952E+019  1.479953323537020E+020  4.776151479898425E+023
  2.836337008562814E+019  1.381172804169718E+020  4.355901920073105E+023
  2.647023711750918E+019  1.288985459635230E+020  3.972629766277890E+023
  2.470346263303160E+019  1.202951223869365E+020  3.623081407593371E+023
  2.305461274685451E+019  1.122659403325089E+020  3.304289515594024E+023
  2.151581649921111E+019  1.047726716483324E+020  3.013547854591840E+023
  2.007972828304763E+019  9.777954642179716E+019  2.748388308305505E+023
  1.873949277898919E+019  9.125318222812127E+019  2.506559927933674E+023
  1.748871223074582E+019  8.516242477580575E+019  2.286009823770679E+023
  1.632141590474448E+019  7.947819918832098E+019  2.084865738152954E+023
  1.523203158819913E+019  7.417337121210011E+019  1.901420151797241E+023
  1.421535898956246E+019  6.922261768830417E+019  1.734115788608844E+023
  1.326654491438234E+019  6.460230567003576E+019  1.581532395909488E+023
  1.238106009806377E+019  6.029037960796271E+019  1.442374687861975E+023
  1.155467758494403E+019  5.626625606581442E+019  1.315461349742719E+023
  1.078345255047161E+019  5.251072546316612E+019  1.199715009719116E+023
  1.006370347016792E+019  4.900586037646986E+019  1.094153093001814E+023
  9.391994545479813E+018  4.573492996059736E+019  9.978794807324497E+022
  8.765119302630922E+018  4.268232008237666E+019  9.100769027988415E+022
  8.180085286179032E+018  3.983345878487181E+019  8.299999999999982E+022
  7.634099774212768E+018  3.717474672660131E+019  7.569689966654037E+022
  7.124556446997408E+018  3.469349226363955E+019  6.903639300152161E+022
  6.649022945431261E+018  3.237785086470875E+019  6.296193872742218E+022
  6.205229259921605E+018  3.021676857005303E+019  5.742197058627170E+022
  5.791056894253168E+018  2.819992922418934E+019  5.236945959185601E+022
  5.404528752721835E+018  2.631770523064546E+019  4.776151479898402E+022
  5.043799702258652E+018  2.456111159360735E+019  4.355901920073114E+022
  4.707147764491472E+018  2.292176302708891E+019  3.972629766277901E+022
  4.392965895698609E+018  2.139183392688019E+019  3.623081407593382E+022
  4.099754315415235E+018  1.996402101419593E+019  3.304289515594033E+022
  3.826113347072293E+018  1.863150847269986E+019  3.013547854591847E+022
  3.570736736491988E+018  1.738793541248273E+019  2.748388308305513E+022
  3.332405416344962E+018  1.622736550567981E+019  2.506559927933680E+022
  3.109981686803124E+018  1.514425864878043E+019  2.286009823770686E+022
  2.902403784608896E+018  1.413344451635636E+019  2.084865738152958E+022
  2.708680814635718E+018  1.319009787996524E+019  1.901420151797260E+022
  2.527888019745081E+018  1.230971557441083E+019  1.734115788608861E+022
  2.359162366360273E+018  1.148809500140655E+019  1.581532395909491E+022
  2.201698424684133E+018  1.072131406802708E+019  1.442374687861979E+022
  2.054744523894428E+018  1.000571246418156E+019  1.315461349742722E+022
  1.917599163963542E+018  9.337874189735506E+018  1.199715009719118E+022
  1.789607666973690E+018  8.714611247871881E+018  1.094153093001817E+022
  1.670159051942466E+018  8.132948426850267E+018  9.978794807324523E+021
  1.558683118240331E+018  7.590109097518134E+018  9.100769027988431E+021
  1.454647723677455E+018  7.083501958777171E+018  8.300000000000002E+021
  1.357556244266538E+018  6.610708667732707E+018  7.569689966654055E+021
  1.266945203535558E+018  6.169472295477498E+018  6.903639300152177E+021
  1.182382060073679E+018  5.757686553402262E+018  6.296193872742234E+021
  1.103463142748967E+018  5.373385738603666E+018  5.742197058627183E+021
  1.029811723741438E+018  5.014735350393089E+018  5.236945959185615E+021
  9.610762201928600E+017  4.680023333113058E+018  4.776151479898415E+021
  8.969285158886984E+017  4.367651903458010E+018  4.355901920073095E+021
  8.370623949605898E+017  4.076129923286351E+018  3.972629766277882E+021
  7.811920801324005E+017  3.804065781514298E+018  3.623081407593366E+021
  7.290508685321105E+017  3.550160751112886E+018  3.304289515594017E+021
  6.803898585573742E+017  3.313202789496779E+018  3.013547854591834E+021
  6.349767617173260E+017  3.092060752710457E+018  2.748388308305500E+021
  5.925947937788408E+017  2.885678995792616E+018  2.506559927933669E+021
  5.530416399240092E+017  2.693072333543002E+018  2.286009823770674E+021
  5.161284889789028E+017  2.513321337636397E+018  2.084865738152950E+021
  4.816791321034135E+017  2.345567947634014E+018  1.901420151797250E+021
  4.495291216396727E+017  2.189011374941015E+018  1.734115788608852E+021
  4.195249861037186E+017  2.042904280157239E+018  1.581532395909496E+021
  3.915234975730932E+017  1.906549205573324E+018  1.442374687861982E+021
  3.653909879731697E+017  1.779295245782392E+018  1.315461349742725E+021
  3.410027109984223E+017  1.660534940514057E+018  1.199715009719121E+021
  3.182422466227110E+017  1.549701374858419E+018  1.094153093001819E+021
  2.970009453559420E+017  1.446265473037631E+018  9.978794807324547E+020
  2.771774095942050E+017  1.349733472806564E+018  9.100769027988454E+020
  2.586770095875597E+017  1.259644568426378E+018  8.299999999999965E+020
  2.414114317148947E+017  1.175568710959487E+018  7.569689966654021E+020
  2.252982569094847E+017  1.097104555385317E+018  6.903639300152146E+020
  2.102605672228420E+017  1.023877544737318E+018  6.296193872742203E+020
  1.962265786487322E+017  9.555381221155654E+017  5.742197058627156E+020
  1.831292984546084E+017  8.917600620398323E+017  5.236945959185592E+020
  1.709062053846991E+017  8.322389131776653E+017  4.776151479898393E+020
  1.594989512081643E+017  7.766905450136698E+017  4.355901920073103E+020
  1.488530821876288E+017  7.248497915223665E+017  3.972629766277893E+020
  1.389177791384927E+017  6.764691853700513E+017  3.623081407593375E+020
  1.296456148381648E+017  6.313177766032374E+017  3.304289515594025E+020
  1.209923276271876E+017  5.891800301845656E+017  3.013547854591841E+020
  1.129166101215114E+017  5.498547971134469E+017  2.748388308305507E+020
  1.053799120273176E+017  5.131543542199814E+017  2.506559927933675E+020
  9.834625611710274E+016  4.789035080485003E+017  2.286009823770680E+020
  9.178206648856856E+016  4.469387585530295E+017  2.084865738152954E+020
  8.565600828649200E+016  4.171075186124828E+017  1.901420151797255E+020
  7.993883812247141E+016  3.892673856398607E+017  1.734115788608856E+020
  7.460326447851093E+016  3.632854618084010E+017  1.581532395909499E+020
  6.962381742806536E+016  3.390377196497096E+017  1.442374687861976E+020
  6.497672705264652E+016  3.164084099954961E+017  1.315461349742719E+020
  6.063980997359458E+016  2.952895094366345E+017  1.199715009719116E+020
  5.659236345736942E+016  2.755802046619728E+017  1.094153093001815E+020
  5.281506658885649E+016  2.571864112153012E+017  9.978794807324497E+019
  4.928988804092980E+016  2.400203243732234E+017  9.100769027988413E+019
  4.599999999999994E+016  2.239999999999997E+017  8.299999999999987E+019
  4.292969783666153E+016  2.090489633785257E+017  7.569689966654038E+019
  4.006432513797968E+016  1.950958441501619E+017  6.903639300152162E+019
  3.739020374354854E+016  1.820740356207581E+017  6.296193872742221E+019
  3.489456845134244E+016  1.699213768065371E+017  5.742197058627171E+019
  3.256550608167034E+016  1.585798557020469E+017  5.236945959185603E+019
  3.039189860834942E+016  1.479953323537015E+017  4.776151479898403E+019
  2.836337008562820E+016  1.381172804169721E+017  4.355901920073115E+019
  2.647023711750924E+016  1.288985459635233E+017  3.972629766277903E+019
  2.470346263303165E+016  1.202951223869367E+017  3.623081407593382E+019
  2.305461274685456E+016  1.122659403325092E+017  3.304289515594034E+019
  2.151581649921115E+016  1.047726716483326E+017  3.013547854591848E+019
  2.007972828304757E+016  9.777954642179688E+016  2.748388308305495E+019
  1.873949277898913E+016  9.125318222812098E+016  2.506559927933663E+019
  1.748871223074577E+016  8.516242477580547E+016  2.286009823770670E+019
  1.632141590474443E+016  7.947819918832070E+016  2.084865738152945E+019
  1.523203158819916E+016  7.417337121210024E+016  1.901420151797246E+019
  1.421535898956249E+016  6.922261768830430E+016  1.734115788608848E+019
  1.326654491438237E+016  6.460230567003588E+016  1.581532395909492E+019
  1.238106009806380E+016  6.029037960796285E+016  1.442374687861979E+019
  1.155467758494406E+016  5.626625606581454E+016  1.315461349742722E+019
  1.078345255047163E+016  5.251072546316622E+016  1.199715009719118E+019
  1.006370347016794E+016  4.900586037646995E+016  1.094153093001817E+019
  9.391994545479834E+015  4.573492996059746E+016  9.978794807324527E+018
  8.765119302630936E+015  4.268232008237674E+016  9.100769027988434E+018
  8.180085286179050E+015  3.983345878487190E+016  8.300000000000006E+018
  7.634099774212785E+015  3.717474672660138E+016  7.569689966654058E+018
  7.124556446997421E+015  3.469349226363962E+016  6.903639300152177E+018
  6.649022945431275E+015  3.237785086470882E+016  6.296193872742235E+018
  6.205229259921617E+015  3.021676857005310E+016  5.742197058627187E+018
  5.791056894253148E+015  2.819992922418924E+016  5.236945959185578E+018
  5.404528752721818E+015  2.631770523064538E+016  4.776151479898381E+018
  5.043799702258636E+015  2.456111159360727E+016  4.355901920073096E+018
  4.707147764491457E+015  2.292176302708884E+016  3.972629766277884E+018
  4.392965895698595E+015  2.139183392688012E+016  3.623081407593366E+018
  4.099754315415222E+015  1.996402101419586E+016  3.304289515594019E+018
  3.826113347072280E+015  1.863150847269980E+016  3.013547854591835E+018
  3.570736736491976E+015  1.738793541248267E+016  2.748388308305500E+018
  3.332405416344950E+015  1.622736550567976E+016  2.506559927933670E+018
  3.109981686803114E+015  1.514425864878038E+016  2.286009823770676E+018
  2.902403784608887E+015  1.413344451635632E+016  2.084865738152950E+018
  2.708680814635708E+015  1.319009787996519E+016  1.901420151797250E+018
  2.527888019745072E+015  1.230971557441079E+016  1.734115788608852E+018
  2.359162366360279E+015  1.148809500140658E+016  1.581532395909496E+018
  2.201698424684138E+015  1.072131406802711E+016  1.442374687861983E+018
  2.054744523894432E+015  1.000571246418158E+016  1.315461349742726E+018
  1.917599163963544E+015  9.337874189735522E+015  1.199715009719121E+018
  1.789607666973694E+015  8.714611247871899E+015  1.094153093001820E+018
  1.670159051942469E+015  8.132948426850283E+015  9.978794807324547E+017
  1.558683118240326E+015  7.590109097518112E+015  9.100769027988394E+017
  1.454647723677450E+015  7.083501958777148E+015  8.299999999999965E+017
  1.357556244266534E+015  6.610708667732686E+015  7.569689966654024E+017
  1.266945203535554E+015  6.169472295477478E+015  6.903639300152147E+017
  1.182382060073675E+015  5.757686553402242E+015  6.296193872742207E+017
  1.103463142748964E+015  5.373385738603649E+015  5.742197058627158E+017
  1.029811723741435E+015  5.014735350393074E+015  5.236945959185594E+017
   961076220192857.       4.680023333113043E+015  4.776151479898395E+017
   896928515888700.       4.367651903458017E+015  4.355901920073107E+017
   837062394960592.       4.076129923286360E+015  3.972629766277895E+017
   781192080132402.       3.804065781514306E+015  3.623081407593375E+017
   729050868532112.       3.550160751112894E+015  3.304289515594027E+017
   680389858557375.       3.313202789496784E+015  3.013547854591841E+017
   634976761717327.       3.092060752710464E+015  2.748388308305508E+017
   592594793778842.       2.885678995792622E+015  2.506559927933676E+017
   553041639924010.       2.693072333543008E+015  2.286009823770681E+017
   516128488978904.       2.513321337636401E+015  2.084865738152955E+017
   481679132103415.       2.345567947634019E+015  1.901420151797256E+017
   449529121639671.       2.189011374941008E+015  1.734115788608845E+017
   419524986103717.       2.042904280157231E+015  1.581532395909489E+017
   391523497573092.       1.906549205573318E+015  1.442374687861976E+017
   365390987973168.       1.779295245782386E+015  1.315461349742719E+017
   341002710998421.       1.660534940514052E+015  1.199715009719116E+017
   318242246622710.       1.549701374858414E+015  1.094153093001815E+017
   297000945355941.       1.446265473037626E+015  9.978794807324499E+016
   277177409594204.       1.349733472806559E+015  9.100769027988416E+016
   258677009587560.       1.259644568426381E+015  8.299999999999987E+016
   241411431714895.       1.175568710959490E+015  7.569689966654042E+016
   225298256909485.       1.097104555385319E+015  6.903639300152162E+016
   210260567222842.       1.023877544737320E+015  6.296193872742222E+016
   196226578648733.        955538122115568.       5.742197058627172E+016
   183129298454609.        891760062039834.       5.236945959185606E+016
   170906205384699.        832238913177667.       4.776151479898406E+016
   159498951208165.        776690545013672.       4.355901920073117E+016
   148853082187629.        724849791522368.       3.972629766277903E+016
   138917779138493.        676469185370053.       3.623081407593384E+016
   129645614838164.        631317776603235.       3.304289515594011E+016
   120992327627187.        589180030184564.       3.013547854591827E+016
   112916610121511.        549854797113445.       2.748388308305494E+016
   105379912027317.        513154354219980.       2.506559927933664E+016
   98346256117102.4        478903508048499.       2.286009823770670E+016
   91782066488568.2        446938758553028.       2.084865738152944E+016
   85656008286491.7        417107518612481.       1.901420151797246E+016
   79938838122471.1        389267385639860.       1.734115788608849E+016
   74603264478510.7        363285461808400.       1.581532395909492E+016
   69623817428065.5        339037719649710.       1.442374687861980E+016
   64976727052646.6        316408409995497.       1.315461349742723E+016
   60639809973594.7        295289509436635.       1.199715009719119E+016
   56592363457369.5        275580204661973.       1.094153093001818E+016
   52815066588856.6        257186411215302.       9.978794807324530E+015
   49289888040929.9        240020324373224.       9.100769027988438E+015
   46000000000000.0        224000000000000.       8.300000000000008E+015
   42929697836661.6        209048963378526.       7.569689966654060E+015
   40064325137979.8        195095844150162.       6.903639300152181E+015
   37390203743548.4        182074035620758.       6.296193872742191E+015
   34894568451342.3        169921376806537.       5.742197058627144E+015
   32565506081670.2        158579855702046.       5.236945959185580E+015
   30391898608349.3        147995332353701.       4.776151479898383E+015
   28363370085628.1        138117280416972.       4.355901920073097E+015
   26470237117509.2        128898545963523.       3.972629766277886E+015
   24703462633031.6        120295122386936.       3.623081407593367E+015
   23054612746854.5        112265940332509.       3.304289515594019E+015
   21515816499211.1        104772671648332.       3.013547854591834E+015
   20079728283047.6        97779546421797.1       2.748388308305502E+015
   18739492778989.2        91253182228121.2       2.506559927933670E+015
   17488712230745.8        85162424775805.6       2.286009823770676E+015
   16321415904744.5        79478199188320.9       2.084865738152950E+015
   15232031588199.2        74173371212100.4       1.901420151797252E+015
   14215358989562.5        69222617688304.4       1.734115788608853E+015
   13266544914382.4        64602305670036.0       1.581532395909496E+015
   12381060098063.8        60290379607962.9       1.442374687861983E+015
   11554677584944.1        56266256065814.6       1.315461349742726E+015
   10783452550471.7        52510725463166.3       1.199715009719122E+015
   10063703470167.9        49005860376469.8       1.094153093001812E+015
   9391994545479.80        45734929960597.3        997879480732448.     
   8765119302630.91        42682320082376.6        910076902798840.     
   8180085286179.02        39833458784871.8        829999999999997.     
   7634099774212.76        37174746726601.3        756968996665402.     
   7124556446997.40        34693492263639.5        690363930015215.     
   6649022945431.25        32377850864708.7        629619387274221.     
   6205229259921.59        30216768570053.0        574219705862716.     
   5791056894253.16        28199929224189.3        523694595918559.     
   5404528752721.83        26317705230645.4        477615147989840.     
   5043799702258.65        24561111593607.3        435590192007311.     
   4707147764491.46        22921763027088.9        397262976627789.     
   4392965895698.60        21391833926880.2        362308140759338.     
   4099754315415.23        19964021014195.9        330428951559403.     
   3826113347072.29        18631508472699.8        301354785459184.     
   3570736736491.98        17387935412482.7        274838830830551.     
   3332405416344.96        16227365505679.8        250655992793368.     
   3109981686803.12        15144258648780.4        228600982377068.     
   2902403784608.88        14133444516356.3        208486573815294.     
   2708680814635.70        13190097879965.1        190142015179724.     
   2527888019745.06        12309715574410.8        173411578860884.     
   2359162366360.27        11488095001406.5        158153239590949.     
   2201698424684.13        10721314068027.1        144237468786198.     
   2054744523894.43        10005712464181.5        131546134974272.     
   1917599163963.54        9337874189735.49        119971500971912.     
   1789607666973.69        8714611247871.87        109415309300182.     
   1670159051942.46        8132948426850.26        99787948073245.0     
   1558683118240.33        7590109097518.13        91007690279884.2     
   1454647723677.45        7083501958777.16        82999999999999.9     
   1357556244266.54        6610708667732.70        75696899666540.4     
   1266945203535.56        6169472295477.49        69036393001521.6     
   1182382060073.68        5757686553402.25        62961938727422.2     
   1103463142748.97        5373385738603.66        57421970586271.7     
   1029811723741.44        5014735350393.08        52369459591856.1     
   961076220192.859        4680023333113.05        47761514798984.1     
   896928515888.702        4367651903458.02        43559019200731.2     
   837062394960.589        4076129923286.35        39726297662778.8     
   781192080132.400        3804065781514.29        36230814075933.6     
   729050868532.110        3550160751112.88        33042895155940.1     
   680389858557.373        3313202789496.77        30135478545918.3     
   634976761717.325        3092060752710.45        27483883083055.0     
   592594793778.840        2885678995792.61        25065599279336.6     
   553041639924.008        2693072333543.00        22860098237706.7     
   516128488978.902        2513321337636.39        20848657381529.5     
   481679132103.413        2345567947634.01        19014201517972.5     
   449529121639.672        2189011374941.01        17341157886088.5     
   419524986103.718        2042904280157.24        15815323959094.9     
   391523497573.093        1906549205573.32        14423746878619.8     
   365390987973.169        1779295245782.39        13154613497427.2     
   341002710998.422        1660534940514.05        11997150097191.2     
   318242246622.711        1549701374858.42        10941530930018.2     
   297000945355.942        1446265473037.63        9978794807324.53     
   277177409594.205        1349733472806.56        9100769027988.44     
   258677009587.561        1259644568426.38        8300000000000.01     
   241411431714.894        1175568710959.49        7569689966654.01     
   225298256909.484        1097104555385.32        6903639300152.13     
   210260567222.842        1023877544737.32        6296193872742.20     
   196226578648.732        955538122115.564        5742197058627.14     
   183129298454.608        891760062039.831        5236945959185.58     
   170906205384.699        832238913177.664        4776151479898.38     
   159498951208.164        776690545013.669        4355901920073.10     
   148853082187.629        724849791522.366        3972629766277.89     
   138917779138.492        676469185370.050        3623081407593.37     
   129645614838.165        631317776603.237        3304289515594.02     
   120992327627.187        589180030184.565        3013547854591.84     
   112916610121.511        549854797113.446        2748388308305.50     
   105379912027.317        513154354219.981        2506559927933.67     
   98346256117.1026        478903508048.500        2286009823770.68     
   91782066488.5685        446938758553.029        2084865738152.95     
   85656008286.4919        417107518612.482        1901420151797.25     
   79938838122.4713        389267385639.860        1734115788608.85     
   74603264478.5108        363285461808.400        1581532395909.50     
   69623817428.0656        339037719649.711        1442374687861.98     
   64976727052.6464        316408409995.496        1315461349742.72     
   60639809973.5945        295289509436.634        1199715009719.11     
   56592363457.3693        275580204661.972        1094153093001.81     
   52815066588.8564        257186411215.301        997879480732.448     
   49289888040.9297        240020324373.223        910076902798.840     
   45999999999.9999        223999999999.999        829999999999.997     
   42929697836.6615        209048963378.526        756968996665.403     
   40064325137.9796        195095844150.162        690363930015.215     
   37390203743.5485        182074035620.758        629619387274.221     
   34894568451.3424        169921376806.537        574219705862.716     
   32565506081.6703        158579855702.047        523694595918.559     
   30391898608.3494        147995332353.701        477615147989.840     
   28363370085.6282        138117280416.972        435590192007.311     
   26470237117.5092        128898545963.523        397262976627.790     
   24703462633.0316        120295122386.937        362308140759.338     
   23054612746.8545        112265940332.509        330428951559.403     
   21515816499.2111        104772671648.332        301354785459.184     
   20079728283.0476        97779546421.7972        274838830830.551     
   18739492778.9891        91253182228.1209        250655992793.366     
   17488712230.7457        85162424775.8053        228600982377.066     
   16321415904.7444        79478199188.3206        208486573815.294     
   15232031588.1991        74173371212.1002        190142015179.724     
   14215358989.5625        69222617688.3042        173411578860.885     
   13266544914.3824        64602305670.0358        158153239590.949     
   12381060098.0638        60290379607.9628        144237468786.198     
   11554677584.9440        56266256065.8145        131546134974.272     
   10783452550.4716        52510725463.1661        119971500971.912     
   10063703470.1679        49005860376.4699        109415309300.182     
   9391994545.47982        45734929960.5974        99787948073.2451     
   8765119302.63093        42682320082.3767        91007690279.8842     
   8180085286.17904        39833458784.8718        82999999999.9999     
   7634099774.21278        37174746726.6013        75696899666.5405     
   7124556446.99741        34693492263.6396        69036393001.5217     
   6649022945.43126        32377850864.7088        62961938727.4222     
   6205229259.92161        30216768570.0531        57421970586.2718     
   5791056894.25317        28199929224.1894        52369459591.8561     
   5404528752.72181        26317705230.6453        47761514798.9837     
   5043799702.25863        24561111593.6072        43559019200.7309     
   4707147764.49145        22921763027.0888        39726297662.7788     
   4392965895.69859        21391833926.8801        36230814075.9336     
   4099754315.41522        19964021014.1958        33042895155.9401     
   3826113347.07228        18631508472.6998        30135478545.9183     
   3570736736.49197        17387935412.4826        27483883083.0550     
   3332405416.34495        16227365505.6797        25065599279.3367     
   3109981686.80311        15144258648.7804        22860098237.7067     
   2902403784.60888        14133444516.3563        20848657381.5295     
   2708680814.63570        13190097879.9652        19014201517.9725     
   2527888019.74507        12309715574.4108        17341157886.0885     
   2359162366.36028        11488095001.4066        15815323959.0949     
   2201698424.68413        10721314068.0271        14423746878.6198     
   2054744523.89443        10005712464.1816        13154613497.4272     
   1917599163.96354        9337874189.73551        11997150097.1912     
   1789607666.97369        8714611247.87189        10941530930.0182     
   1670159051.94247        8132948426.85027        9978794807.32453     
   1558683118.24033        7590109097.51814        9100769027.98844     
   1454647723.67745        7083501958.77714        8299999999.99995     
   1357556244.26653        6610708667.73268        7569689966.65401     
   1266945203.53555        6169472295.47747        6903639300.15213     
   1182382060.07367        5757686553.40223        6296193872.74220     
   1103463142.74896        5373385738.60364        5742197058.62715     
   1029811723.74143        5014735350.39307        5236945959.18558     
   961076220.192855        4680023333.11304        4776151479.89839     
   896928515.888698        4367651903.45801        4355901920.07310     
   837062394.960591        4076129923.28635        3972629766.27789     
   781192080.132401        3804065781.51430        3623081407.59337     
   729050868.532111        3550160751.11289        3304289515.59402     
   680389858.557375        3313202789.49678        3013547854.59184     
   634976761.717326        3092060752.71046        2748388308.30550     
   592594793.778841        2885678995.79262        2506559927.93367     
   553041639.924010        2693072333.54300        2286009823.77068     
   516128488.978903        2513321337.63640        2084865738.15295     
   481679132.103414        2345567947.63402        1901420151.79725     
   449529121.639673        2189011374.94102        1734115788.60885     
   419524986.103717        2042904280.15723        1581532395.90949     
   391523497.573092        1906549205.57332        1442374687.86197     
   365390987.973168        1779295245.78238        1315461349.74272     
   341002710.998421        1660534940.51405        1199715009.71911     
   318242246.622710        1549701374.85841        1094153093.00181     
   297000945.355941        1446265473.03762        997879480.732449     
   277177409.594204        1349733472.80656        910076902.798840     
   258677009.587560        1259644568.42638        829999999.999997     
   241411431.714895        1175568710.95949        756968996.665403     
   225298256.909485        1097104555.38532        690363930.015215     
   210260567.222842        1023877544.73732        629619387.274221     
   196226578.648732        955538122.115566        574219705.862716     
   183129298.454609        891760062.039833        523694595.918559     
   170906205.384699        832238913.177666        477615147.989840     
   159498951.208164        776690545.013670        435590192.007311     
   148853082.187629        724849791.522367        397262976.627790     
   138917779.138493        676469185.370052        362308140.759338     
   129645614.838165        631317776.603238        330428951.559403     
   120992327.627187        589180030.184563        301354785.459182     
   112916610.121511        549854797.113444        274838830.830549     
   105379912.027317        513154354.219979        250655992.793366     
   98346256.1171023        478903508.048498        228600982.377067     
   91782066.4885681        446938758.553028        208486573.815294     
   85656008.2864916        417107518.612481        190142015.179724     
   79938838.1224710        389267385.639859        173411578.860885     
   74603264.4785106        363285461.808399        158153239.590949     
   69623817.4280654        339037719.649710        144237468.786198     
   64976727.0526466        316408409.995496        131546134.974272     
   60639809.9735946        295289509.436635        119971500.971912     
   56592363.4573695        275580204.661973        109415309.300182     
   52815066.5888565        257186411.215301        99787948.0732451     
   49289888.0409298        240020324.373224        91007690.2798842     
   46000000.0000000        224000000.000000        82999999.9999999     
   42929697.8366616        209048963.378526        75696899.6665405     
   40064325.1379797        195095844.150162        69036393.0015217     
   37390203.7435486        182074035.620758        62961938.7274223     
   34894568.4513425        169921376.806537        57421970.5862717     
   32565506.0816704        158579855.702047        52369459.5918561     
   30391898.6083494        147995332.353702        47761514.7989841     
   28363370.0856282        138117280.416972        43559019.2007312     
   26470237.1175093        128898545.963523        39726297.6627791     
   24703462.6330317        120295122.386937        36230814.0759339     
   23054612.7468546        112265940.332509        33042895.1559404     
   21515816.4992112        104772671.648333        30135478.5459185     
   20079728.2830477        97779546.4217974        27483883.0830552     
   18739492.7789892        91253182.2281215        25065599.2793368     
   17488712.2307457        85162424.7758051        22860098.2377066     
   16321415.9047444        79478199.1883203        20848657.3815293     
   15232031.5881991        74173371.2120999        19014201.5179723     
   14215358.9895624        69222617.6883040        17341157.8860884     
   13266544.9143823        64602305.6700356        15815323.9590948     
   12381060.0980637        60290379.6079626        14423746.8786197     
   11554677.5849440        56266256.0658143        13154613.4974271     
   10783452.5504716        52510725.4631660        11997150.0971911     
   10063703.4701679        49005860.3764697        10941530.9300181     
   9391994.54547979        45734929.9605972        9978794.80732446     
   8765119.30263090        42682320.0823766        9100769.02798838     
   8180085.28617901        39833458.7848717        8299999.99999995     
   7634099.77421275        37174746.7266012        7569689.96665401     
   7124556.44699739        34693492.2636395        6903639.30015214     
   6649022.94543124        32377850.8647087        6296193.87274220     
   6205229.25992159        30216768.5700530        5742197.05862715     
   5791056.89425315        28199929.2241893        5236945.95918558     
   5404528.75272182        26317705.2306454        4776151.47989839     
   5043799.70225864        24561111.5936073        4355901.92007310     
   4707147.76449146        22921763.0270888        3972629.76627789     
   4392965.89569860        21391833.9268801        3623081.40759337     
   4099754.31541522        19964021.0141959        3304289.51559402     
   3826113.34707228        18631508.4726998        3013547.85459184     
   3570736.73649198        17387935.4124827        2748388.30830550     
   3332405.41634495        16227365.5056798        2506559.92793367     
   3109981.68680311        15144258.6487804        2286009.82377068     
   2902403.78460889        14133444.5163563        2084865.73815295     
   2708680.81463571        13190097.8799652        1901420.15179725     
   2527888.01974507        12309715.5744108        1734115.78860885     
   2359162.36636028        11488095.0014066        1581532.39590950     
   2201698.42468414        10721314.0680271        1442374.68786198     
   2054744.52389443        10005712.4641816        1315461.34974273     
   1917599.16396355        9337874.18973553        1199715.00971912     
   1789607.66697369        8714611.24787190        1094153.09300182     
   1670159.05194247        8132948.42685029        997879.480732456     
   1558683.11824034        7590109.09751816        910076.902798847     
   1454647.72367744        7083501.95877711        829999.999999991     
   1357556.24426653        6610708.66773266        756968.996665397     
   1266945.20353555        6169472.29547745        690363.930015210     
   1182382.06007367        5757686.55340222        629619.387274217     
   1103463.14274896        5373385.73860362        574219.705862712     
   1029811.72374143        5014735.35039305        523694.595918556     
   961076.220192853        4680023.33311302        477615.147989837     
   896928.515888696        4367651.90345800        435590.192007308     
   837062.394960588        4076129.92328634        397262.976627787     
   781192.080132398        3804065.78151429        362308.140759335     
   729050.868532109        3550160.75111288        330428.951559401     
   680389.858557372        3313202.78949677        301354.785459182     
   634976.761717324        3092060.75271045        274838.830830549     
   592594.793778839        2885678.99579261        250655.992793366     
   553041.639924008        2693072.33354299        228600.982377067     
   516128.488978901        2513321.33763639        208486.573815294     
   481679.132103412        2345567.94763401        190142.015179724     
   449529.121639672        2189011.37494101        173411.578860885     
   419524.986103717        2042904.28015723        158153.239590949     
   391523.497573092        1906549.20557332        144237.468786198     
   365390.987973169        1779295.24578239        131546.134974272     
   341002.710998421        1660534.94051405        119971.500971912     
   318242.246622710        1549701.37485842        109415.309300182     
   297000.945355941        1446265.47303763        99787.9480732451     
   277177.409594204        1349733.47280656        91007.6902798842     
   258677.009587560        1259644.56842638        82999.9999999999     
   241411.431714895        1175568.71095949        75696.8996665405     
   225298.256909485        1097104.55538532        69036.3930015217     
   210260.567222843        1023877.54473732        62961.9387274223     
   196226.578648733        955538.122115568        57421.9705862718     
   183129.298454609        891760.062039835        52369.4595918561     
   170906.205384700        832238.913177668        47761.5147989841     
   159498.951208165        776690.545013672        43559.0192007312     
   148853.082187629        724849.791522368        39726.2976627791     
   138917.779138493        676469.185370053        36230.8140759339     
   129645.614838165        631317.776603239        33042.8951559404     
   120992.327627188        589180.030184567        30135.4785459185     
   112916.610121511        549854.797113443        27483.8830830548     
   105379.912027317        513154.354219977        25065.5992793365     
   98346.2561171020        478903.508048497        22860.0982377066     
   91782.0664885678        446938.758553026        20848.6573815293     
   85656.0082864913        417107.518612480        19014.2015179723     
   79938.8381224708        389267.385639858        17341.1578860884     
   74603.2644785103        363285.461808398        15815.3239590948     
   69623.8174280652        339037.719649709        14423.7468786197     
   64976.7270526463        316408.409995495        13154.6134974271     
   60639.8099735944        295289.509436634        11997.1500971911     
   56592.3634573693        275580.204661972        10941.5309300181     
   52815.0665888564        257186.411215301        9978.79480732446     
   49289.8880409297        240020.324373223        9100.76902798838     
   45999.9999999998        223999.999999999        8299.99999999995     
   42929.6978366614        209048.963378525        7569.68996665401     
   40064.3251379796        195095.844150161        6903.63930015214     
   37390.2037435485        182074.035620758        6296.19387274220     
   34894.5684513423        169921.376806537        5742.19705862715     
   32565.5060816703        158579.855702046        5236.94595918559     
   30391.8986083493        147995.332353701        4776.15147989839     
   28363.3700856281        138117.280416972        4355.90192007310     
   26470.2371175092        128898.545963523        3972.62976627789     
   24703.4626330316        120295.122386936        3623.08140759337     
   23054.6127468545        112265.940332509        3304.28951559402     
   21515.8164992111        104772.671648332        3013.54785459184     
   20079.7282830476        97779.5464217971        2748.38830830550     
   18739.4927789892        91253.1822281213        2506.55992793367     
   17488.7122307458        85162.4247758057        2286.00982377068     
   16321.4159047445        79478.1991883209        2084.86573815295     
   15232.0315881992        74173.3712121005        1901.42015179725     
   14215.3589895625        69222.6176883045        1734.11578860885     
   13266.5449143824        64602.3056700360        1581.53239590950     
   12381.0600980638        60290.3796079630        1442.37468786198     
   11554.6775849441        56266.2560658147        1315.46134974273     
   10783.4525504717        52510.7254631664        1199.71500971912     
   10063.7034701680        49005.8603764701        1094.15309300182     
   9391.99454547976        45734.9299605971        997.879480732442     
   8765.11930263087        42682.3200823764        910.076902798834     
   8180.08528617899        39833.4587848716        829.999999999992     
   7634.09977421272        37174.7467266011        756.968996665398     
   7124.55644699736        34693.4922636393        690.363930015210     
   6649.02294543122        32377.8508647086        629.619387274217     
   6205.22925992157        30216.7685700529        574.219705862713     
   5791.05689425313        28199.9292241892        523.694595918556     
   5404.52875272180        26317.7052306453        477.615147989837     
   5043.79970225862        24561.1115936072        435.590192007308     
   4707.14776449145        22921.7630270888        397.262976627787     
   4392.96589569858        21391.8339268801        362.308140759335     
   4099.75431541521        19964.0210141958        330.428951559401     
   3826.11334707227        18631.5084726997        301.354785459182     
   3570.73673649197        17387.9354124826        274.838830830549     
   3332.40541634494        16227.3655056797        250.655992793366     
   3109.98168680311        15144.2586487803        228.600982377067     
   2902.40378460888        14133.4445163563        208.486573815294     
   2708.68081463570        13190.0978799652        190.142015179724     
   2527.88801974507        12309.7155744108        173.411578860885     
   2359.16236636027        11488.0950014065        158.153239590949     
   2201.69842468413        10721.3140680271        144.237468786198     
   2054.74452389443        10005.7124641816        131.546134974272     
   1917.59916396354        9337.87418973550        119.971500971912     
   1789.60766697369        8714.61124787188        109.415309300182     
   1670.15905194246        8132.94842685026        99.7879480732452     
   1558.68311824033        7590.10909751813        91.0076902798843     
   1454.64772367745        7083.50195877717        82.9999999999999     
   1357.55624426654        6610.70866773270        75.6968996665405     
   1266.94520353556        6169.47229547749        69.0363930015217     
   1182.38206007368        5757.68655340226        62.9619387274223     
   1103.46314274897        5373.38573860366        57.4219705862718     
   1029.81172374144        5014.73535039309        52.3694595918561     
   961.076220192859        4680.02333311305        47.7615147989841     
   896.928515888702        4367.65190345803        43.5590192007312     
   837.062394960594        4076.12992328637        39.7262976627791     
   781.192080132404        3804.06578151432        36.2308140759339     
   729.050868532106        3550.16075111287        33.0428951559399     
   680.389858557370        3313.20278949676        30.1354785459181     
   634.976761717322        3092.06075271044        27.4838830830548     
   592.594793778837        2885.67899579260        25.0655992793365     
   553.041639924006        2693.07233354299        22.8600982377066     
   516.128488978900        2513.32133763638        20.8486573815293     
   481.679132103411        2345.56794763400        19.0142015179723     
   449.529121639670        2189.01137494100        17.3411578860884     
   419.524986103716        2042.90428015723        15.8153239590948     
   391.523497573091        1906.54920557331        14.4237468786197     
   365.390987973168        1779.29524578238        13.1546134974271     
   341.002710998420        1660.53494051405        11.9971500971911     
   318.242246622709        1549.70137485841        10.9415309300181     
   297.000945355940        1446.26547303762        9.97879480732447     
   277.177409594203        1349.73347280656        9.10076902798838     
   258.677009587560        1259.64456842638        8.29999999999996     
   241.411431714895        1175.56871095949        7.56968996665401     
   225.298256909485        1097.10455538532        6.90363930015214     
   210.260567222842        1023.87754473732        6.29619387274220     
   196.226578648732        955.538122115565        5.74219705862715     
   183.129298454608        891.760062039832        5.23694595918559     
   170.906205384699        832.238913177665        4.77615147989839     
   159.498951208164        776.690545013670        4.35590192007310     
   148.853082187629        724.849791522366        3.97262976627789     
   138.917779138493        676.469185370051        3.62308140759337     
   129.645614838165        631.317776603237        3.30428951559402     
   120.992327627187        589.180030184565        3.01354785459184     
   112.916610121511        549.854797113447        2.74838830830550     
   105.379912027318        513.154354219981        2.50655992793367     
   98.3462561171027        478.903508048500        2.28600982377068     
   91.7820664885685        446.938758553029        2.08486573815295     
   85.6560082864920        417.107518612483        1.90142015179725     
   79.9388381224714        389.267385639861        1.73411578860886     
   74.6032644785109        363.285461808401        1.58153239590950     
   69.6238174280657        339.037719649711        1.44237468786199     
   64.9767270526468        316.408409995498        1.31546134974273     
   60.6398099735949        295.289509436636        1.19971500971912     
   56.5923634573691        275.580204661971        1.09415309300181     
   52.8150665888562        257.186411215300       0.997879480732442     
   49.2898880409295        240.020324373222       0.910076902798834     
   45.9999999999997        223.999999999998       0.829999999999992     
   42.9296978366613        209.048963378525       0.756968996665398     
   40.0643251379794        195.095844150161       0.690363930015211     
   37.3902037435483        182.074035620757       0.629619387274217     
   34.8945684513422        169.921376806536       0.574219705862713     
   32.5655060816702        158.579855702046       0.523694595918556     
   30.3918986083492        147.995332353701       0.477615147989837     
   28.3633700856280        138.117280416971       0.435590192007308     
   26.4702371175091        128.898545963523       0.397262976627787     
   24.7034626330315        120.295122386936       0.362308140759336     
   23.0546127468544        112.265940332508       0.330428951559401     
   21.5158164992110        104.772671648332       0.301354785459182     
   20.0797282830476        97.7795464217968       0.274838830830549     
   18.7394927789891        91.2531822281209       0.250655992793366     
   17.4887122307458        85.1624247758054       0.228600982377067     
   16.3214159047444        79.4781991883207       0.208486573815294     
   15.2320315881992        74.1733712121002       0.190142015179724     
   14.2153589895625        69.2226176883042       0.173411578860885     
   13.2665449143824        64.6023056700358       0.158153239590949     
   12.3810600980638        60.2903796079628       0.144237468786198     
   11.5546775849441        56.2662560658145       0.131546134974272     
   10.7834525504716        52.5107254631662       0.119971500971912     
   10.0637034701679        49.0058603764699       0.109415309300182     
   9.39199454547983        45.7349299605974       9.978794807324518E-002
   8.76511930263093        42.6823200823767       9.100769027988431E-002
   8.18008528617904        39.8334587848719       8.299999999999998E-002
   7.63409977421278        37.1747467266014       7.569689966654053E-002
   7.12455644699742        34.6934922636396       6.903639300152173E-002
   6.64902294543127        32.3778508647088       6.296193872742230E-002
   6.20522925992161        30.2167685700531       5.742197058627181E-002
   5.79105689425317        28.1999292241894       5.236945959185611E-002
   5.40452875272184        26.3177052306455       4.776151479898412E-002
   5.04379970225866        24.5611115936074       4.355901920073123E-002
   4.70714776449143        22.9217630270887       3.972629766277852E-002
   4.39296589569857        21.3918339268800       3.623081407593336E-002
   4.09975431541520        19.9640210141957       3.304289515593992E-002
   3.82611334707226        18.6315084726997       3.013547854591810E-002
   3.57073673649196        17.3879354124826       2.748388308305479E-002
   3.33240541634493        16.2273655056797       2.506559927933649E-002
   3.10998168680309        15.1442586487803       2.286009823770657E-002
   2.90240378460887        14.1334445163562       2.084865738152933E-002
   2.70868081463569        13.1900978799651       1.901420151797236E-002
   2.52788801974506        12.3097155744107       1.734115788608839E-002
   2.35916236636026        11.4880950014065       1.581532395909483E-002
   2.20169842468413        10.7213140680270       1.442374687861972E-002
   2.05474452389442        10.0057124641815       1.315461349742715E-002
   1.91759916396353        9.33787418973547       1.199715009719112E-002
   1.78960766697368        8.71461124787184       1.094153093001811E-002
   1.67015905194246        8.13294842685024       9.978794807324470E-003
   1.55868311824033        7.59010909751811       9.100769027988389E-003
   1.45464772367745        7.08350195877714       8.299999999999958E-003
   1.35755624426653        6.61070866773268       7.569689966654019E-003
   1.26694520353555        6.16947229547747       6.903639300152141E-003
   1.18238206007367        5.75768655340224       6.296193872742200E-003
   1.10346314274896        5.37338573860364       5.742197058627152E-003
   1.02981172374143        5.01473535039307       5.236945959185587E-003
  0.961076220192856        4.68002333311304       4.776151479898390E-003
  0.896928515888699        4.36765190345801       4.355901920073103E-003
  0.837062394960591        4.07612992328636       3.972629766277891E-003
  0.781192080132402        3.80406578151430       3.623081407593373E-003
  0.729050868532112        3.55016075111289       3.304289515594023E-003
  0.680389858557375        3.31320278949678       3.013547854591839E-003
  0.634976761717327        3.09206075271046       2.748388308305506E-003
  0.592594793778842        2.88567899579262       2.506559927933673E-003
  0.553041639924010        2.69307233354301       2.286009823770679E-003
  0.516128488978903        2.51332133763640       2.084865738152953E-003
  0.481679132103414        2.34556794763402       1.901420151797254E-003
  0.449529121639673        2.18901137494102       1.734115788608856E-003
  0.419524986103719        2.04290428015724       1.581532395909498E-003
  0.391523497573094        1.90654920557333       1.442374687861985E-003
  0.365390987973166        1.77929524578238       1.315461349742709E-003
  0.341002710998419        1.66053494051404       1.199715009719106E-003
  0.318242246622708        1.54970137485841       1.094153093001806E-003
  0.297000945355939        1.44626547303762       9.978794807324423E-004
  0.277177409594202        1.34973347280655       9.100769027988343E-004
  0.258677009587559        1.25964456842637       8.299999999999922E-004
  0.241411431714894        1.17556871095948       7.569689966653981E-004
  0.225298256909484        1.09710455538531       6.903639300152109E-004
  0.210260567222841        1.02387754473731       6.296193872742172E-004
  0.196226578648731       0.955538122115562       5.742197058627126E-004
  0.183129298454608       0.891760062039829       5.236945959185564E-004
  0.170906205384698       0.832238913177662       4.776151479898369E-004
  0.159498951208164       0.776690545013667       4.355901920073083E-004
  0.148853082187628       0.724849791522364       3.972629766277871E-004
  0.138917779138492       0.676469185370049       3.623081407593355E-004
  0.129645614838164       0.631317776603235       3.304289515594008E-004
  0.120992327627187       0.589180030184563       3.013547854591825E-004
  0.112916610121511       0.549854797113445       2.748388308305493E-004
  0.105379912027317       0.513154354219979       2.506559927933661E-004
  9.834625611710238E-002  0.478903508048499       2.286009823770669E-004
  9.178206648856820E-002  0.446938758553028       2.084865738152943E-004
  8.565600828649168E-002  0.417107518612481       1.901420151797245E-004
  7.993883812247109E-002  0.389267385639859       1.734115788608847E-004
  7.460326447851064E-002  0.363285461808400       1.581532395909491E-004
  6.962381742806545E-002  0.339037719649710       1.442374687861978E-004
  6.497672705264659E-002  0.316408409995496       1.315461349742721E-004
  6.063980997359465E-002  0.295289509436635       1.199715009719118E-004
  5.659236345736949E-002  0.275580204661973       1.094153093001817E-004
  5.281506658885658E-002  0.257186411215302       9.978794807324519E-005
  4.928988804092988E-002  0.240020324373224       9.100769027988432E-005
