   4838534417.22933       -7.39231758885311     
 -3.104362643517968E+024  -7.38744135683973     
 -6.248479645773861E+024  -7.38256512482635     
 -9.431248561375814E+024  -7.37768889281298     
 -1.265147135410590E+025  -7.37281266079960     
 -1.590785607482423E+025  -7.36793642878623     
 -1.919901928730269E+025  -7.36306019677285     
 -2.252348925110582E+025  -7.35818396475948     
 -2.587970985841678E+025  -7.35330773274610     
 -2.926604530879661E+025  -7.34843150073273     
 -3.268078549260730E+025  -7.34355526871935     
 -3.612215204061088E+025  -7.33867903670598     
 -3.958830498448473E+025  -7.33380280469260     
 -4.307734996107571E+025  -7.32892657267923     
 -4.658734588255339E+025  -7.32405034066585     
 -5.011631298557096E+025  -7.31917410865248     
 -5.366224116541474E+025  -7.31429787663910     
 -5.722309849615244E+025  -7.30942164462573     
 -6.079683983513785E+025  -7.30454541261235     
 -6.438141540995670E+025  -7.29966918059898     
 -6.797477928798790E+025  -7.29479294858560     
 -7.157489763308237E+025  -7.28991671657223     
 -7.517975666024156E+025  -7.28504048455885     
 -7.878737020733667E+025  -7.28016425254547     
 -8.239578685253417E+025  -7.27528802053210     
 -8.600309651681932E+025  -7.27041178851872     
 -8.960743650247258E+025  -7.26553555650535     
 -9.320699693016629E+025  -7.26065932449197     
 -9.680002554916672E+025  -7.25578309247860     
 -1.003848319066048E+026  -7.25090686046522     
 -1.039597908726483E+026  -7.24603062845185     
 -1.075233455284138E+026  -7.24115439643847     
 -1.110740094324324E+026  -7.23627816442510     
 -1.146103682892836E+026  -7.23140193241172     
 -1.181310810505781E+026  -7.22652570039835     
 -1.216348804837596E+026  -7.22164946838497     
 -1.251205732482449E+026  -7.21677323637160     
 -1.285870395212624E+026  -7.21189700435822     
 -1.320332322174913E+026  -7.20702077234485     
 -1.354581758473225E+026  -7.20214454033147     
 -1.388609650584073E+026  -7.19726830831810     
 -1.422407629042326E+026  -7.19239207630472     
 -1.455967988819040E+026  -7.18751584429135     
 -1.489283667792612E+026  -7.18263961227797     
 -1.522348223689912E+026  -7.17776338026459     
 -1.555155809846861E+026  -7.17288714825122     
 -1.587701150108829E+026  -7.16801091623784     
 -1.619979513161262E+026  -7.16313468422447     
 -1.651986686550840E+026  -7.15825845221109     
 -1.683718950627750E+026  -7.15338222019772     
 -1.715173052610905E+026  -7.14850598818434     
 -1.746346180950524E+026  -7.14362975617097     
 -1.777235940136612E+026  -7.13875352415759     
 -1.807840326077930E+026  -7.13387729214422     
 -1.838157702153856E+026  -7.12900106013084     
 -1.868186776021462E+026  -7.12412482811747     
 -1.897926577242018E+026  -7.11924859610409     
 -1.927376435774870E+026  -7.11437236409072     
 -1.956535961372371E+026  -7.10949613207734     
 -1.985405023897019E+026  -7.10461990006397     
 -2.013983734571046E+026  -7.09974366805059     
 -2.042272428159422E+026  -7.09486743603722     
 -2.070271646079322E+026  -7.08999120402384     
 -2.097982120422508E+026  -7.08511497201047     
 -2.125404758871636E+026  -7.08023873999709     
 -2.152540630487065E+026  -7.07536250798371     
 -2.179390952337305E+026  -7.07048627597034     
 -2.205957076943539E+026  -7.06561004395696     
 -2.232240480506656E+026  -7.06073381194359     
 -2.258242751883935E+026  -7.05585757993021     
 -2.283965582281607E+026  -7.05098134791684     
 -2.309410755629194E+026  -7.04610511590346     
 -2.334580139601433E+026  -7.04122888389009     
 -2.359475677253954E+026  -7.03635265187671     
 -2.384099379239339E+026  -7.03147641986334     
 -2.408453316571027E+026  -7.02660018784996     
 -2.432539613903360E+026  -7.02172395583659     
 -2.456360443297163E+026  -7.01684772382321     
 -2.479918018441339E+026  -7.01197149180984     
 -2.503214589302188E+026  -7.00709525979646     
 -2.526252437173367E+026  -7.00221902778309     
 -2.549033870100725E+026  -6.99734279576971     
 -2.571561218657454E+026  -6.99246656375634     
 -2.593836832046326E+026  -6.98759033174296     
 -2.615863074506984E+026  -6.98271409972959     
 -2.637642322007548E+026  -6.97783786771621     
 -2.659176959200890E+026  -6.97296163570284     
 -2.680469376627207E+026  -6.96808540368946     
 -2.701521968145528E+026  -6.96320917167608     
 -2.722337128577935E+026  -6.95833293966271     
 -2.742917251551259E+026  -6.95345670764933     
 -2.763264727522014E+026  -6.94858047563596     
 -2.783381941971224E+026  -6.94370424362258     
 -2.803271273756732E+026  -6.93882801160921     
 -2.822935093611343E+026  -6.93395177959583     
 -2.842375762776005E+026  -6.92907554758246     
 -2.861595631757934E+026  -6.92419931556908     
 -2.880597039204290E+026  -6.91932308355571     
 -2.899382310882673E+026  -6.91444685154233     
 -2.917953758760321E+026  -6.90957061952896     
 -2.936313680174472E+026  -6.90469438751558     
 -2.954464357086861E+026  -6.89981815550221     
 -2.972408055415886E+026  -6.89494192348883     
 -2.990147024440375E+026  -6.89006569147546     
 -3.007683496269386E+026  -6.88518945946208     
 -3.025019685372835E+026  -6.88031322744871     
 -3.042157788168171E+026  -6.87543699543533     
 -3.059099982658620E+026  -6.87056076342196     
 -3.075848428118903E+026  -6.86568453140858     
 -3.092405264824608E+026  -6.86080829939521     
 -3.108772613821674E+026  -6.85593206738183     
 -3.124952576732750E+026  -6.85105583536845     
 -3.140947235597386E+026  -6.84617960335508     
 -3.156758652743284E+026  -6.84130337134170     
 -3.172388870686012E+026  -6.83642713932833     
 -3.187839912054830E+026  -6.83155090731495     
 -3.203113779542385E+026  -6.82667467530158     
 -3.218212455876291E+026  -6.82179844328820     
 -3.233137903810662E+026  -6.81692221127483     
 -3.247892066135923E+026  -6.81204597926145     
 -3.262476865705258E+026  -6.80716974724808     
 -3.276894205476236E+026  -6.80229351523470     
 -3.291145968566256E+026  -6.79741728322133     
 -3.305234018320555E+026  -6.79254105120795     
 -3.319160198391618E+026  -6.78766481919458     
 -3.332926332828925E+026  -6.78278858718120     
 -3.346534226178055E+026  -6.77791235516783     
 -3.359985663588245E+026  -6.77303612315445     
 -3.373282410927541E+026  -6.76815989114108     
 -3.386426214904826E+026  -6.76328365912770     
 -3.399418803197972E+026  -6.75840742711433     
 -3.412261884587474E+026  -6.75353119510095     
 -3.424957149094991E+026  -6.74865496308758     
 -3.437506268126212E+026  -6.74377873107420     
 -3.449910894617548E+026  -6.73890249906082     
 -3.462172663186209E+026  -6.73402626704745     
 -3.474293190283214E+026  -6.72915003503407     
 -3.486274074348931E+026  -6.72427380302070     
 -3.498116895970815E+026  -6.71939757100732     
 -3.509823218042997E+026  -6.71452133899395     
 -3.521394585927419E+026  -6.70964510698057     
 -3.532832527616243E+026  -6.70476887496720     
 -3.544138553895272E+026  -6.69989264295382     
 -3.555314158508164E+026  -6.69501641094045     
 -3.566360818321186E+026  -6.69014017892707     
 -3.577279993488382E+026  -6.68526394691370     
 -3.588073127616903E+026  -6.68038771490032     
 -3.598741647932366E+026  -6.67551148288695     
 -3.609286965444131E+026  -6.67063525087357     
 -3.619710475110282E+026  -6.66575901886020     
 -3.630013556002256E+026  -6.66088278684682     
 -3.640197571468973E+026  -6.65600655483345     
 -3.650263869300379E+026  -6.65113032282007     
 -3.660213781890310E+026  -6.64625409080670     
 -3.670048626398577E+026  -6.64137785879332     
 -3.679769704912225E+026  -6.63650162677994     
 -3.689378304605863E+026  -6.63162539476657     
 -3.698875697901042E+026  -6.62674916275319     
 -3.708263142624589E+026  -6.62187293073982     
 -3.717541882165879E+026  -6.61699669872644     
 -3.726713145632985E+026  -6.61212046671307     
 -3.735778148007663E+026  -6.60724423469969     
 -3.744738090299154E+026  -6.60236800268632     
 -3.753594159696759E+026  -6.59749177067294     
 -3.762347529721165E+026  -6.59261553865957     
 -3.770999360374498E+026  -6.58773930664619     
 -3.779550798289093E+026  -6.58286307463282     
 -3.788002976874950E+026  -6.57798684261944     
 -3.796357016465867E+026  -6.57311061060607     
 -3.804614024464241E+026  -6.56823437859269     
 -3.812775095484534E+026  -6.56335814657932     
 -3.820841311495376E+026  -6.55848191456594     
 -3.828813741960324E+026  -6.55360568255257     
 -3.836693443977261E+026  -6.54872945053919     
 -3.844481462416437E+026  -6.54385321852582     
 -3.852178830057141E+026  -6.53897698651244     
 -3.859786567723026E+026  -6.53410075449906     
 -3.867305684416069E+026  -6.52922452248569     
 -3.874737177449192E+026  -6.52434829047231     
 -3.882082032577509E+026  -6.51947205845894     
 -3.889341224128250E+026  -6.51459582644556     
 -3.896515715129353E+026  -6.50971959443219     
 -3.903606457436696E+026  -6.50484336241881     
 -3.910614391860043E+026  -6.49996713040544     
 -3.917540448287653E+026  -6.49509089839206     
 -3.924385545809589E+026  -6.49021466637869     
 -3.931150592839737E+026  -6.48533843436531     
 -3.937836487236533E+026  -6.48046220235194     
 -3.944444116422420E+026  -6.47558597033856     
 -3.950974357502036E+026  -6.47070973832519     
 -3.957428077379152E+026  -6.46583350631181     
 -3.963806132872369E+026  -6.46095727429844     
 -3.970109370829580E+026  -6.45608104228506     
 -3.976338628241223E+026  -6.45120481027169     
 -3.982494732352315E+026  -6.44632857825831     
 -3.988578500773305E+026  -6.44145234624494     
 -3.994590741589740E+026  -6.43657611423156     
 -4.000532253470764E+026  -6.43169988221818     
 -4.006403825776456E+026  -6.42682365020481     
 -4.012206238664034E+026  -6.42194741819143     
 -4.017940263192933E+026  -6.40054092679746     
 -4.023606661428752E+026  -6.37913443540349     
 -4.029206186546104E+026  -6.35772794400952     
 -4.034739582930384E+026  -6.33632145261555     
 -4.040207586278451E+026  -6.31491496122158     
 -4.045610923698245E+026  -6.29350846982761     
 -4.050950313807368E+026  -6.27210197843363     
 -4.056226466830608E+026  -6.25069548703966     
 -4.061440084696461E+026  -6.22928899564569     
 -4.066591861132623E+026  -6.20788250425172     
 -4.071682481760501E+026  -6.18647601285775     
 -4.076712624188731E+026  -6.16506952146378     
 -4.081682958105723E+026  -6.14366303006981     
 -4.086594145371266E+026  -6.12225653867583     
 -4.091446840107170E+026  -6.10085004728186     
 -4.096241688786989E+026  -6.07944355588789     
 -4.100979330324816E+026  -6.05803706449392     
 -4.105660396163190E+026  -6.03663057309995     
 -4.110285510360089E+026  -6.01522408170598     
 -4.114855289675074E+026  -5.99381759031201     
 -4.119370343654532E+026  -5.97241109891803     
 -4.123831274716095E+026  -5.95100460752406     
 -4.128238678232204E+026  -5.92959811613009     
 -4.132593142612852E+026  -5.90819162473612     
 -4.136895249387504E+026  -5.88678513334215     
 -4.141145573286227E+026  -5.86537864194818     
 -4.145344682320018E+026  -5.84397215055421     
 -4.149493137860360E+026  -5.82256565916023     
 -4.153591494718006E+026  -5.80115916776626     
 -4.157640301221020E+026  -5.77975267637229     
 -4.161640099292071E+026  -5.75834618497832     
 -4.165591424524991E+026  -5.73693969358435     
 -4.169494806260626E+026  -5.71553320219038     
 -4.173350767661973E+026  -5.69412671079641     
 -4.177159825788621E+026  -5.67272021940243     
 -4.180922491670518E+026  -5.65131372800846     
 -4.184639270381058E+026  -5.62990723661449     
 -4.188310661109506E+026  -5.60850074522052     
 -4.191937157232773E+026  -5.58709425382655     
 -4.195519246386563E+026  -5.56568776243258     
 -4.199057410535870E+026  -5.54428127103861     
 -4.202552126044877E+026  -5.52287477964463     
 -4.206003863746240E+026  -5.50146828825066     
 -4.209413089009760E+026  -5.48006179685669     
 -4.212780261810499E+026  -5.45865530546272     
 -4.216105836796285E+026  -5.43724881406875     
 -4.219390263354665E+026  -5.41584232267478     
 -4.222633985679302E+026  -5.39443583128081     
 -4.225837442835807E+026  -5.37302933988683     
 -4.229001068827049E+026  -5.35162284849286     
 -4.232125292657913E+026  -5.33021635709889     
 -4.235210538399550E+026  -5.30880986570492     
 -4.238257225253102E+026  -5.28740337431095     
 -4.241265767612921E+026  -5.26599688291698     
 -4.244236575129290E+026  -5.24459039152300     
 -4.247170052770650E+026  -5.22318390012903     
 -4.250066600885340E+026  -5.20177740873506     
 -4.252926615262856E+026  -5.18037091734109     
 -4.255750487194646E+026  -5.15896442594712     
 -4.258538603534426E+026  -5.13755793455315     
 -4.261291346758045E+026  -5.11615144315918     
 -4.264009095022892E+026  -5.09474495176520     
 -4.266692222226859E+026  -5.07333846037123     
 -4.269341098066840E+026  -5.05193196897726     
 -4.271956088096815E+026  -5.03052547758329     
 -4.274537553785472E+026  -5.00911898618932     
 -4.277085852573420E+026  -4.98771249479535     
 -4.279601337929952E+026  -4.96630600340138     
 -4.282084359409393E+026  -4.94489951200740     
 -4.284535262707013E+026  -4.92349302061343     
 -4.286954389714530E+026  -4.90208652921946     
 -4.289342078575181E+026  -4.88068003782549     
 -4.291698663738369E+026  -4.85927354643152     
 -4.294024476013911E+026  -4.83786705503755     
 -4.296319842625842E+026  -4.81646056364358     
 -4.298585087265809E+026  -4.79505407224960     
 -4.300820530146047E+026  -4.77364758085563     
 -4.303026488051927E+026  -4.75224108946166     
 -4.305203274394082E+026  -4.73083459806769     
 -4.307351199260100E+026  -4.70942810667372     
 -4.309470569465804E+026  -4.68802161527975     
 -4.311561688606076E+026  -4.66661512388578     
 -4.313624857105264E+026  -4.64520863249180     
 -4.315660372267130E+026  -4.62380214109783     
 -4.317668528324368E+026  -4.60239564970386     
 -4.319649616487662E+026  -4.58098915830989     
 -4.321603924994282E+026  -4.55958266691592     
 -4.323531739156221E+026  -4.53817617552195     
 -4.325433341407862E+026  -4.51676968412798     
 -4.327309011353158E+026  -4.49536319273400     
 -4.329159025812340E+026  -4.47395670134003     
 -4.330983658868108E+026  -4.45255020994606     
 -4.332783181911346E+026  -4.43114371855209     
 -4.334557863686291E+026  -4.40973722715812     
 -4.336307970335210E+026  -4.38833073576415     
 -4.338033765442519E+026  -4.36692424437018     
 -4.339735510078373E+026  -4.34551775297620     
 -4.341413462841704E+026  -4.32411126158223     
 -4.343067879902666E+026  -4.30270477018826     
 -4.344699015044543E+026  -4.28129827879429     
 -4.346307119705032E+026  -4.25989178740032     
 -4.347892443016952E+026  -4.23848529600635     
 -4.349455231848311E+026  -4.21707880461238     
 -4.350995730841773E+026  -4.19567231321840     
 -4.352514182453467E+026  -4.17426582182443     
 -4.354010826991158E+026  -4.15285933043046     
 -4.355485902651741E+026  -4.13145283903649     
 -4.356939645558067E+026  -4.11004634764252     
 -4.358372289795069E+026  -4.08863985624855     
 -4.359784067445194E+026  -4.06723336485457     
 -4.361175208623110E+026  -4.04582687346060     
 -4.362545941509688E+026  -4.02442038206663     
 -4.363896492385247E+026  -4.00301389067266     
 -4.365227085662036E+026  -3.98160739927869     
 -4.366537943915955E+026  -3.96020090788472     
 -4.367829287917499E+026  -3.93879441649075     
 -4.369101336661919E+026  -3.91738792509678     
 -4.370354307398564E+026  -3.89598143370280     
 -4.371588415659440E+026  -3.87457494230883     
 -4.372803875286933E+026  -3.85316845091486     
 -4.374000898460705E+026  -3.83176195952089     
 -4.375179695723764E+026  -3.81035546812692     
 -4.376340476007667E+026  -3.78894897673295     
 -4.377483446656898E+026  -3.76754248533897     
 -4.378608813452374E+026  -3.74613599394500     
 -4.379716780634085E+026  -3.72472950255103     
 -4.380807550922876E+026  -3.70332301115706     
 -4.381881325541348E+026  -3.68191651976309     
 -4.382938304233891E+026  -3.66051002836912     
 -4.383978685285842E+026  -3.63910353697515     
 -4.385002665541768E+026  -3.61769704558117     
 -4.386010440422857E+026  -3.59629055418720     
 -4.387002203943468E+026  -3.57488406279323     
 -4.387978148726786E+026  -3.55347757139926     
 -4.388938466019600E+026  -3.53207108000529     
 -4.389883345706253E+026  -3.51066458861132     
 -4.390812976321712E+026  -3.48925809721735     
 -4.391727545063788E+026  -3.46785160582337     
 -4.392627237804537E+026  -3.44644511442940     
 -4.393512239100810E+026  -3.42503862303543     
 -4.394382732203999E+026  -3.40363213164146     
 -4.395238899068968E+026  -3.38222564024749     
 -4.396080920362202E+026  -3.36081914885352     
 -4.396908975469165E+026  -3.33941265745955     
 -4.397723242500923E+026  -3.31800616606557     
 -4.398523898299979E+026  -3.29659967467160     
 -4.399311118445429E+026  -3.27519318327763     
 -4.400085077257381E+026  -3.25378669188366     
 -4.400845947800695E+026  -3.23238020048969     
 -4.401593901888065E+026  -3.21097370909572     
 -4.402329110082457E+026  -3.18956721770175     
 -4.403051741698910E+026  -3.16816072630777     
 -4.403761964805776E+026  -3.14675423491380     
 -4.404459946225355E+026  -3.12534774351983     
 -4.405145851534008E+026  -3.10394125212586     
 -4.405819845061741E+026  -3.08253476073189     
 -4.406482089891306E+026  -3.06112826933792     
 -4.407132747856835E+026  -3.03972177794395     
 -4.407771979542036E+026  -3.01831528654997     
 -4.408399944277984E+026  -2.99690879515600     
 -4.409016800140542E+026  -2.97550230376203     
 -4.409622703947420E+026  -2.95409581236806     
 -4.410217811254927E+026  -2.93268932097409     
 -4.410802276354428E+026  -2.91128282958012     
 -4.411376252268543E+026  -2.88987633818615     
 -4.411939890747115E+026  -2.86846984679217     
 -4.412493342262975E+026  -2.84706335539820     
 -4.413036756007547E+026  -2.82565686400423     
 -4.413570279886293E+026  -2.80425037261026     
 -4.414094060514065E+026  -2.78284388121629     
 -4.414608243210354E+026  -2.76143738982232     
 -4.415112971994505E+026  -2.74003089842835     
 -4.415608389580879E+026  -2.71862440703437     
 -4.416094637374037E+026  -2.69721791564040     
 -4.416571855463926E+026  -2.67581142424643     
 -4.417040182621139E+026  -2.65440493285246     
 -4.417499756292240E+026  -2.63299844145849     
 -4.417950712595188E+026  -2.61159195006452     
 -4.418393186314889E+026  -2.59018545867055     
 -4.418827310898899E+026  -2.56877896727657     
 -4.419253218453288E+026  -2.54737247588260     
 -4.419671039738702E+026  -2.52596598448863     
 -4.420080904166629E+026  -2.50455949309466     
 -4.420482939795899E+026  -2.48315300170069     
 -4.420877273329429E+026  -2.46174651030672     
 -4.421264030111228E+026  -2.44034001891275     
 -4.421643334123695E+026  -2.41893352751877     
 -4.422015307985194E+026  -2.39752703612480     
 -4.422380072947954E+026  -2.37612054473083     
 -4.422737748896280E+026  -2.35471405333686     
 -4.423088454345100E+026  -2.33330756194289     
 -4.423432306438860E+026  -2.31190107054892     
 -4.423769420950766E+026  -2.29049457915495     
 -4.424099912282390E+026  -2.26908808776097     
 -4.424423893463648E+026  -2.24768159636700     
 -4.424741476153150E+026  -2.22627510497303     
 -4.425052770638930E+026  -2.20486861357906     
 -4.425357885839561E+026  -2.18346212218509     
 -4.425656929305669E+026  -2.16205563079112     
 -4.425950007221818E+026  -2.14064913939715     
 -4.426237224408805E+026  -2.11924264800317     
 -4.426518684326337E+026  -2.09783615660920     
 -4.426794489076108E+026  -2.07642966521523     
 -4.427064739405265E+026  -2.05502317382126     
 -4.427329534710257E+026  -2.03361668242729     
 -4.427588973041078E+026  -2.01221019103332     
 -4.427843151105893E+026  -1.99080369963934     
 -4.428092164276035E+026  -1.96939720824537     
 -4.428336106591389E+026  -1.94799071685140     
 -4.428575070766132E+026  -1.92658422545743     
 -4.428809148194842E+026  -1.90517773406346     
 -4.429038428958956E+026  -1.88377124266949     
 -4.429263001833590E+026  -1.86236475127552     
 -4.429482954294684E+026  -1.84095825988154     
 -4.429698372526489E+026  -1.81955176848757     
 -4.429909341429371E+026  -1.79814527709360     
 -4.430115944627940E+026  -1.77673878569963     
 -4.430318264479477E+026  -1.75533229430566     
 -4.430516382082654E+026  -1.73392580291169     
 -4.430710377286553E+026  -1.71251931151772     
 -4.430900328699946E+026  -1.69111282012374     
 -4.431086313700849E+026  -1.66970632872977     
 -4.431268408446331E+026  -1.64829983733580     
 -4.431446687882568E+026  -1.62689334594183     
 -4.431621225755124E+026  -1.60548685454786     
 -4.431792094619464E+026  -1.58408036315389     
 -4.431959365851672E+026  -1.56267387175992     
 -4.432123109659374E+026  -1.54126738036594     
 -4.432283395092847E+026  -1.51986088897197     
 -4.432440290056315E+026  -1.49845439757800     
 -4.432593861319401E+026  -1.47704790618403     
 -4.432744174528745E+026  -1.45564141479006     
 -4.432891294219772E+026  -1.43423492339609     
 -4.433035283828581E+026  -1.41282843200212     
 -4.433176205703972E+026  -1.39142194060814     
 -4.433314121119585E+026  -1.37001544921417     
 -4.433449090286141E+026  -1.34860895782020     
 -4.433581172363774E+026  -1.32720246642623     
 -4.433710425474459E+026  -1.30579597503226     
 -4.433836906714505E+026  -1.28438948363829     
 -4.433960672167107E+026  -1.26298299224432     
 -4.434081776914971E+026  -1.24157650085034     
 -4.434200275052972E+026  -1.22017000945637     
 -4.434316219700853E+026  -1.19876351806240     
 -4.434429663015948E+026  -1.17735702666843     
 -4.434540656205938E+026  -1.15595053527446     
 -4.434649249541602E+026  -1.13454404388049     
 -4.434755492369589E+026  -1.11313755248652     
 -4.434859433125170E+026  -1.09173106109254     
 -4.434961119344987E+026  -1.07032456969857     
 -4.435060597679789E+026  -1.04891807830460     
 -4.435157913907126E+026  -1.02751158691063     
 -4.435253112944028E+026  -1.00610509551666     
 -4.435346238859634E+026 -0.984698604122687     
 -4.435437334887782E+026 -0.963292112728715     
 -4.435526443439538E+026 -0.941885621334744     
 -4.435613606115688E+026 -0.920479129940772     
 -4.435698863719141E+026 -0.899072638546801     
 -4.435782256267292E+026 -0.877666147152829     
 -4.435863823004287E+026 -0.856259655758858     
 -4.435943602413234E+026 -0.834853164364887     
 -4.436021632228311E+026 -0.813446672970915     
 -4.436097949446807E+026 -0.792040181576944     
 -4.436172590341057E+026 -0.770633690182972     
 -4.436245590470293E+026 -0.749227198789001     
 -4.436316984692397E+026 -0.727820707395029     
 -4.436386807175544E+026 -0.706414216001058     
 -4.436455091409754E+026 -0.685007724607086     
 -4.436521870218328E+026 -0.663601233213114     
 -4.436587175769178E+026 -0.642194741819144     
 -4.436651039586040E+026 -0.620788250425172     
 -4.436713492559582E+026 -0.599381759031201     
 -4.436774564958381E+026 -0.577975267637229     
 -4.436834286439797E+026 -0.556568776243258     
 -4.436892686060714E+026 -0.535162284849286     
 -4.436949792288161E+026 -0.513755793455315     
 -4.437005633009816E+026 -0.492349302061343     
 -4.437060235544375E+026 -0.470942810667371     
 -4.437113626651803E+026 -0.449536319273401     
 -4.437165832543449E+026 -0.428129827879429     
 -4.437216878892046E+026 -0.406723336485458     
 -4.437266790841562E+026 -0.385316845091486     
 -4.437315593016942E+026 -0.363910353697515     
 -4.437363309533706E+026 -0.342503862303543     
 -4.437409964007418E+026 -0.321097370909571     
 -4.437455579563031E+026 -0.299690879515600     
 -4.437500178844097E+026 -0.278284388121629     
 -4.437543784021842E+026 -0.256877896727658     
 -4.437586416804113E+026 -0.235471405333686     
 -4.437628098444197E+026 -0.214064913939715     
 -4.437668849749506E+026 -0.192658422545743     
 -4.437708691090129E+026 -0.171251931151772     
 -4.437747642407260E+026 -0.149845439757800     
 -4.437785723221493E+026 -0.128438948363828     
 -4.437822952640987E+026 -0.107032456969857     
 -4.437859349369508E+026 -8.562596557588620E-002
 -4.437894931714333E+026 -6.421947418191465E-002
 -4.437929717594040E+026 -4.281298278794310E-002
 -4.437963724546163E+026 -2.140649139397155E-002
 -4.437996969734722E+026  0.000000000000000E+000
