   4838534417.22933       -23.0258509299405     
  3.378779192601416E+016  -23.0028250790105     
  6.836259754478979E+016  -22.9797992280806     
  1.037427537051908E+017  -22.9567733771506     
  1.399470194246265E+017  -22.9337475262207     
  1.769945906738464E+017  -22.9107216752908     
  2.149051105548753E+017  -22.8876958243608     
  2.536986797160245E+017  -22.8646699734309     
  2.933958670094961E+017  -22.8416441225009     
  3.340177203972393E+017  -22.8186182715710     
  3.755857781108287E+017  -22.7955924206411     
  4.181220800712954E+017  -22.7725665697111     
  4.616491795749545E+017  -22.7495407187812     
  5.061901552514336E+017  -22.7265148678512     
  5.517686233002353E+017  -22.7034890169213     
  5.984087500123267E+017  -22.6804631659914     
  6.461352645833911E+017  -22.6574373150614     
  6.949734722255421E+017  -22.6344114641315     
  7.449492675844494E+017  -22.6113856132015     
  7.960891484689549E+017  -22.5883597622716     
  8.484202299005642E+017  -22.5653339113416     
  9.019702584901190E+017  -22.5423080604117     
  9.567676271493791E+017  -22.5192822094818     
  1.012841390145272E+018  -22.4962563585518     
  1.070221278504800E+018  -22.4732305076219     
  1.128937715778776E+018  -22.4502046566919     
  1.189021834172736E+018  -22.4271788057620     
  1.250505491053588E+018  -22.4041529548321     
  1.313421285840757E+018  -22.3811271039021     
  1.377802577290758E+018  -22.3581012529722     
  1.443683501184391E+018  -22.3350754020422     
  1.511098988425915E+018  -22.3120495511123     
  1.580084783563802E+018  -22.2890237001824     
  1.650677463742898E+018  -22.2659978492524     
  1.722914458098029E+018  -22.2429719983225     
  1.796834067599344E+018  -22.2199461473925     
  1.872475485359906E+018  -22.1969202964626     
  1.949878817416315E+018  -22.1738944455327     
  2.029085103993363E+018  -22.1508685946027     
  2.110136341264008E+018  -22.1278427436728     
  2.193075503616192E+018  -22.1048168927428     
  2.277946566438328E+018  -22.0817910418129     
  2.364794529435521E+018  -22.0587651908830     
  2.453665440488879E+018  -22.0357393399530     
  2.544606420070599E+018  -22.0127134890231     
  2.637665686227724E+018  -21.9896876380931     
  2.732892580147862E+018  -21.9666617871632     
  2.830337592320389E+018  -21.9436359362333     
  2.930052389307027E+018  -21.9206100853033     
  3.032089841135985E+018  -21.8975842343734     
  3.136504049334180E+018  -21.8745583834434     
  3.243350375612416E+018  -21.8515325325135     
  3.352685471218718E+018  -21.8285066815836     
  3.464567306975376E+018  -21.8054808306536     
  3.579055204015658E+018  -21.7824549797237     
  3.696209865236452E+018  -21.7594291287937     
  3.816093407483522E+018  -21.7364032778638     
  3.938769394486482E+018  -21.7133774269338     
  4.064302870560815E+018  -21.6903515760039     
  4.192760395095090E+018  -21.6673257250740     
  4.324210077841306E+018  -21.6442998741440     
  4.458721615027325E+018  -21.6212740232141     
  4.596366326310452E+018  -21.5982481722841     
  4.737217192591764E+018  -21.5752223213542     
  4.881348894711240E+018  -21.5521964704243     
  5.028837853044196E+018  -21.5291706194943     
  5.179762268020056E+018  -21.5061447685644     
  5.334202161584886E+018  -21.4831189176344     
  5.492239419629710E+018  -21.4600930667045     
  5.653957835407104E+018  -21.4370672157746     
  5.819443153959090E+018  -21.4140413648446     
  5.988783117579845E+018  -21.3910155139147     
  6.162067512337391E+018  -21.3679896629847     
  6.339388215678874E+018  -21.3449638120548     
  6.520839245144711E+018  -21.3219379611249     
  6.706516808217428E+018  -21.2989121101949     
  6.896519353331587E+018  -21.2758862592650     
  7.090947622071890E+018  -21.2528604083350     
  7.289904702587104E+018  -21.2298345574051     
  7.493496084248143E+018  -21.2068087064752     
  7.701829713579276E+018  -21.1837828555452     
  7.915016051492125E+018  -21.1607570046153     
  8.133168131852783E+018  -21.1377311536853     
  8.356401621413127E+018  -21.1147053027554     
  8.584834881138077E+018  -21.0916794518255     
  8.818589028961319E+018  -21.0686536008955     
  9.057788004002792E+018  -21.0456277499656     
  9.302558632281942E+018  -21.0226018990356     
  9.553030693961622E+018  -20.9995760481057     
  9.809336992158261E+018  -20.9765501971758     
  1.007161342335485E+019  -20.9535243462458     
  1.033999904945382E+019  -20.9304984953159     
  1.061463617150859E+019  -20.9074726443859     
  1.089567040517215E+019  -20.8844467934560     
  1.118325075790321E+019  -20.8614209425261     
  1.147752970797061E+019  -20.8383950915961     
  1.177866328529797E+019  -20.8153692406662     
  1.208681115419138E+019  -20.7923433897362     
  1.240213669799408E+019  -20.7693175388063     
  1.272480710571286E+019  -20.7462916878764     
  1.305499346066227E+019  -20.7232658369464     
  1.339287083117358E+019  -20.7002399860165     
  1.373861836341648E+019  -20.6772141350865     
  1.409241937638291E+019  -20.6541882841566     
  1.445446145908323E+019  -20.6311624332266     
  1.482493657000636E+019  -20.6081365822967     
  1.520404113889655E+019  -20.5851107313668     
  1.559197617090076E+019  -20.5620848804368     
  1.598894735314193E+019  -20.5390590295069     
  1.639516516377448E+019  -20.5160331785769     
  1.681084498358007E+019  -20.4930073276470     
  1.723620721016260E+019  -20.4699814767171     
  1.767147737480315E+019  -20.4469556257871     
  1.811688626203662E+019  -20.4239297748572     
  1.857267003201364E+019  -20.4009039239272     
  1.903907034571257E+019  -20.3778780729973     
  1.951633449306793E+019  -20.3548522220674     
  2.000471552408321E+019  -20.3318263711374     
  2.050447238299760E+019  -20.3088005202075     
  2.101587004557772E+019  -20.2857746692775     
  2.153917965960721E+019  -20.2627488183476     
  2.207467868864852E+019  -20.2397229674177     
  2.262265105915327E+019  -20.2166971164877     
  2.318338731099918E+019  -20.1936712655578     
  2.375718475153314E+019  -20.1706454146278     
  2.434434761320237E+019  -20.1476195636979     
  2.494518721485704E+019  -20.1245937127680     
  2.556002212681004E+019  -20.1015678618380     
  2.618917833974119E+019  -20.0785420109081     
  2.683298943753564E+019  -20.0555161599781     
  2.749179677414796E+019  -20.0324903090482     
  2.816594965458576E+019  -20.0094644581183     
  2.885580552010836E+019  -19.9864386071883     
  2.956173013773994E+019  -19.9634127562584     
  3.028409779419590E+019  -19.9403869053284     
  3.102329149432655E+019  -19.9173610543985     
  3.177970316418270E+019  -19.8943352034686     
  3.255373385881109E+019  -19.8713093525386     
  3.334579397488974E+019  -19.8482835016087     
  3.415630346831579E+019  -19.8252576506787     
  3.498569207686139E+019  -19.8022317997488     
  3.583439954801556E+019  -19.7792059488189     
  3.670287587213282E+019  -19.7561800978889     
  3.759158152101216E+019  -19.7331542469590     
  3.850098769203300E+019  -19.7101283960290     
  3.943157655797715E+019  -19.6871025450991     
  4.038384152266971E+019  -19.6640766941692     
  4.135828748257406E+019  -19.6410508432392     
  4.235543109447975E+019  -19.6180249923093     
  4.337580104942513E+019  -19.5949991413793     
  4.441993835300001E+019  -19.5719732904494     
  4.548839661217690E+019  -19.5489474395194     
  4.658174232882282E+019  -19.5259215885895     
  4.770055520004731E+019  -19.5028957376596     
  4.884542842554591E+019  -19.4798698867296     
  5.001696902210193E+019  -19.4568440357997     
  5.121579814541315E+019  -19.4338181848697     
  5.244255141941432E+019  -19.4107923339398     
  5.369787927326974E+019  -19.3877664830099     
  5.498244728621472E+019  -19.3647406320799     
  5.629693654042850E+019  -19.3417147811500     
  5.764204398212607E+019  -19.3186889302200     
  5.901848279105975E+019  -19.2956630792901     
  6.042698275862711E+019  -19.2726372283602     
  6.186829067478396E+019  -19.2496113774302     
  6.334317072397097E+019  -19.2265855265003     
  6.485240489025951E+019  -19.2035596755703     
  6.639679337193423E+019  -19.1805338246404     
  6.797715500573144E+019  -19.1575079737105     
  6.959432770095803E+019  -19.1344821227805     
  7.124916888372093E+019  -19.1114562718506     
  7.294255595150290E+019  -19.0884304209206     
  7.467538673832532E+019  -19.0654045699907     
  7.644857999074440E+019  -19.0423787190608     
  7.826307585493346E+019  -19.0193528681308     
  8.011983637510939E+019  -18.9963270172009     
  8.201984600356689E+019  -18.9733011662709     
  8.396411212259158E+019  -18.9502753153410     
  8.595366557852811E+019  -18.9272494644111     
  8.798956122828633E+019  -18.9042236134811     
  9.007287849857535E+019  -18.8811977625512     
  9.220472195816187E+019  -18.8581719116212     
  9.438622190345573E+019  -18.8351460606913     
  9.661853495773340E+019  -18.8121202097614     
  9.890284468431669E+019  -18.7890943588314     
  1.012403622140319E+020  -18.7660685079015     
  1.036323268872814E+020  -18.7430426569715     
  1.060800069110692E+020  -18.7200168060416     
  1.085847000313261E+020  -18.6969909551117     
  1.111477342208941E+020  -18.6739651041817     
  1.137704683835318E+020  -18.6509392532518     
  1.164542930743150E+020  -18.6279134023218     
  1.192006312368149E+020  -18.6048875513919     
  1.220109389574427E+020  -18.5818617004619     
  1.248867062373624E+020  -18.5588358495320     
  1.278294577823791E+020  -18.5358099986021     
  1.308407538112222E+020  -18.5127841476721     
  1.339221908826520E+020  -18.4897582967422     
  1.370754027418271E+020  -18.4667324458122     
  1.403020611863821E+020  -18.4437065948823     
  1.436038769526726E+020  -18.4206807439524     
  1.469826006226599E+020  -18.3976548930224     
  1.504400235519135E+020  -18.3746290420925     
  1.539779788192236E+020  -18.3516031911625     
  1.575983421983275E+020  -18.3285773402326     
  1.613030331522642E+020  -18.3055514893027     
  1.650940158508841E+020  -18.2825256383727     
  1.689733002120500E+020  -18.2594997874428     
  1.729429429670892E+020  -18.2364739365128     
  1.770050487510512E+020  -18.2134480855829     
  1.811617712183531E+020  -18.1904222346530     
  1.854153141844057E+020  -18.1673963837230     
  1.897679327938214E+020  -18.1443705327931     
  1.942219347158244E+020  -18.1213446818631     
  1.987796813674958E+020  -18.0983188309332     
  2.034435891655031E+020  -18.0752929800033     
  2.082161308069740E+020  -18.0522671290733     
  2.130998365801963E+020  -18.0292412781434     
  2.180972957058360E+020  -18.0062154272134     
  2.232111577093844E+020  -17.9831895762835     
  2.284441338255607E+020  -17.9601637253536     
  2.337989984354159E+020  -17.9371378744236     
  2.392785905368954E+020  -17.9141120234937     
  2.448858152496428E+020  -17.8910861725637     
  2.506236453548389E+020  -17.8680603216338     
  2.564951228708937E+020  -17.8450344707039     
  2.625033606658231E+020  -17.8220086197739     
  2.686515441071670E+020  -17.7989827688440     
  2.749429327503198E+020  -17.7759569179140     
  2.813808620661688E+020  -17.7529310669841     
  2.879687452089549E+020  -17.7299052160542     
  2.947100748252907E+020  -17.7068793651242     
  3.016084249052954E+020  -17.6838535141943     
  3.086674526768248E+020  -17.6608276632643     
  3.158909005438008E+020  -17.6378018123344     
  3.232825980696611E+020  -17.6147759614044     
  3.308464640069932E+020  -17.5917501104745     
  3.385865083744070E+020  -17.5687242595446     
  3.465068345817608E+020  -17.5456984086146     
  3.546116416048594E+020  -17.5226725576847     
  3.629052262107757E+020  -17.4996467067547     
  3.713919852349749E+020  -17.4766208558248     
  3.800764179114436E+020  -17.4535950048949     
  3.889631282570614E+020  -17.4305691539649     
  3.980568275114718E+020  -17.4075433030350     
  4.073623366337457E+020  -17.3845174521050     
  4.168845888571607E+020  -17.3614916011751     
  4.266286323034420E+020  -17.3384657502452     
  4.365996326578561E+020  -17.3154398993152     
  4.468028759065636E+020  -17.2924140483853     
  4.572437711376870E+020  -17.2693881974553     
  4.679278534075701E+020  -17.2463623465254     
  4.788607866737470E+020  -17.2233364955955     
  4.900483667961726E+020  -17.2003106446655     
  5.014965246083004E+020  -17.1772847937356     
  5.132113290596335E+020  -17.1542589428056     
  5.251989904314076E+020  -17.1312330918757     
  5.374658636271106E+020  -17.1082072409458     
  5.500184515395762E+020  -17.0851813900158     
  5.628634084964315E+020  -17.0621555390859     
  5.760075437857214E+020  -17.0391296881559     
  5.894578252635725E+020  -17.0161038372260     
  6.032213830458052E+020  -16.9930779862961     
  6.173055132854440E+020  -16.9700521353661     
  6.317176820381222E+020  -16.9470262844362     
  6.464655292174246E+020  -16.9240004335062     
  6.615568726422604E+020  -16.9009745825763     
  6.769997121784005E+020  -16.8779487316464     
  6.928022339763719E+020  -16.8549228807164     
  7.089728148079461E+020  -16.8318970297865     
  7.255200265035113E+020  -16.8088711788565     
  7.424526404926779E+020  -16.7858453279266     
  7.597796324505071E+020  -16.7628194769967     
  7.775101870518254E+020  -16.7397936260667     
  7.956537028361281E+020  -16.7167677751368     
  8.142197971856467E+020  -16.6937419242068     
  8.332183114192066E+020  -16.6707160732769     
  8.526593160045617E+020  -16.6476902223470     
  8.725531158919638E+020  -16.6246643714170     
  8.929102559717774E+020  -16.6016385204871     
  9.137415266590107E+020  -16.5786126695571     
  9.350579696077478E+020  -16.5555868186272     
  9.568708835584416E+020  -16.5325609676972     
  9.791918303211956E+020  -16.5095351167673     
  1.002032640898177E+021  -16.4865092658374     
  1.025405421748389E+021  -16.4634834149074     
  1.049322561198105E+021  -16.4404575639775     
  1.073796736000358E+021  -16.4174317130475     
  1.098840918046927E+021  -16.3944058621176     
  1.124468381236369E+021  -16.3713800111877     
  1.150692708501721E+021  -16.3483541602577     
  1.177527799001562E+021  -16.3253283093278     
  1.204987875478244E+021  -16.3023024583978     
  1.233087491787151E+021  -16.2792766074679     
  1.261841540600968E+021  -16.2562507565380     
  1.291265261293006E+021  -16.2332249056080     
  1.321374248003750E+021  -16.2101990546781     
  1.352184457894862E+021  -16.1871732037481     
  1.383712219594995E+021  -16.1641473528182     
  1.415974241841869E+021  -16.1411215018883     
  1.448987622325145E+021  -16.1180956509583     
  1.482769856734757E+021  -16.0950698000284     
  1.517338848019471E+021  -16.0720439490984     
  1.552712915860532E+021  -16.0490180981685     
  1.588910806365384E+021  -16.0259922472386     
  1.625951701986568E+021  -16.0029663963086     
  1.663855231671000E+021  -15.9799405453787     
  1.702641481244988E+021  -15.9569146944487     
  1.742331004040408E+021  -15.9338888435188     
  1.782944831767682E+021  -15.9108629925889     
  1.824504485641203E+021  -15.8878371416589     
  1.867031987763104E+021  -15.8648112907290     
  1.910549872771319E+021  -15.8417854397990     
  1.955081199758070E+021  -15.8187595888691     
  2.000649564465028E+021  -15.7957337379392     
  2.047279111761542E+021  -15.7727078870092     
  2.094994548412507E+021  -15.7496820360793     
  2.143821156142524E+021  -15.7266561851493     
  2.193784805003272E+021  -15.7036303342194     
  2.244911967051025E+021  -15.6806044832895     
  2.297229730341531E+021  -15.6575786323595     
  2.350765813249577E+021  -15.6345527814296     
  2.405548579120739E+021  -15.6115269304996     
  2.461607051262982E+021  -15.5885010795697     
  2.518970928285982E+021  -15.5654752286397     
  2.577670599796163E+021  -15.5424493777098     
  2.637737162455710E+021  -15.5194235267799     
  2.699202436413913E+021  -15.4963976758499     
  2.762098982119453E+021  -15.4733718249200     
  2.826460117522438E+021  -15.4503459739900     
  2.892319935675141E+021  -15.4273201230601     
  2.959713322740663E+021  -15.4042942721302     
  3.028675976418916E+021  -15.3812684212002     
  3.099244424799542E+021  -15.3582425702703     
  3.171456045651628E+021  -15.3352167193403     
  3.245349086160239E+021  -15.3121908684104     
  3.320962683120105E+021  -15.2891650174805     
  3.398336883596954E+021  -15.2661391665505     
  3.477512666067292E+021  -15.2431133156206     
  3.558531962047592E+021  -15.2200874646906     
  3.641437678224204E+021  -15.1970616137607     
  3.726273719095470E+021  -15.1740357628308     
  3.813085010137831E+021  -15.1510099119008     
  3.901917521507984E+021  -15.1279840609709     
  3.992818292293352E+021  -15.1049582100409     
  4.085835455323586E+021  -15.0819323591110     
  4.181018262555829E+021  -15.0589065081811     
  4.278417111047018E+021  -15.0358806572511     
  4.378083569526662E+021  -15.0128548063212     
  4.480070405583898E+021  -14.9898289553912     
  4.584431613482857E+021  -14.9668031044613     
  4.691222442620804E+021  -14.9437772535314     
  4.800499426643754E+021  -14.9207514026014     
  4.912320413234613E+021  -14.8977255516715     
  5.026744594589278E+021  -14.8746997007415     
  5.143832538596419E+021  -14.8516738498116     
  5.263646220737031E+021  -14.8286479988817     
  5.386249056720280E+021  -14.8056221479517     
  5.511705935872346E+021  -14.7825962970218     
  5.640083255295668E+021  -14.7595704460918     
  5.771448954815981E+021  -14.7365445951619     
  5.905872552735252E+021  -14.7135187442320     
  6.043425182408868E+021  -14.6904928933020     
  6.184179629665894E+021  -14.6674670423721     
  6.328210371091602E+021  -14.6444411914421     
  6.475593613191895E+021  -14.6214153405122     
  6.626407332459780E+021  -14.5983894895822     
  6.780731316364331E+021  -14.5753636386523     
  6.938647205283208E+021  -14.5523377877224     
  7.100238535400136E+021  -14.5293119367924     
  7.265590782589248E+021  -14.5062860858625     
  7.434791407308806E+021  -14.4832602349325     
  7.607929900527064E+021  -14.4602343840026     
  7.785097830703796E+021  -14.4372085330727     
  7.966388891851371E+021  -14.4141826821427     
  8.151898952699840E+021  -14.3911568312128     
  8.341726106990958E+021  -14.3681309802828     
  8.535970724926877E+021  -14.3451051293529     
  8.734735505799330E+021  -14.3220792784230     
  8.938125531826209E+021  -14.2990534274930     
  9.146248323222657E+021  -14.2760275765631     
  9.359213894534596E+021  -14.2530017256331     
  9.577134812263080E+021  -14.2299758747032     
  9.800126253808583E+021  -14.2069500237733     
  1.002830606776495E+022  -14.1839241728433     
  1.026179483559325E+022  -14.1608983219134     
  1.050071593470667E+022  -14.1378724709834     
  1.074519560299808E+022  -14.1148466200535     
  1.099536300484244E+022  -14.0918207691236     
  1.125135029860743E+022  -14.0687949181936     
  1.151329270570580E+022  -14.0457690672637     
  1.178132858122403E+022  -14.0227432163337     
  1.205559948616238E+022  -13.9997173654038     
  1.233625026132257E+022  -13.9766915144739     
  1.262342910287954E+022  -13.9536656635439     
  1.291728763967489E+022  -13.9306398126140     
  1.321798101227046E+022  -13.9076139616840     
  1.352566795380089E+022  -13.8845881107541     
  1.384051087266532E+022  -13.8615622598242     
  1.416267593709888E+022  -13.8385364088942     
  1.449233316166565E+022  -13.8155105579643     
  1.482965649571559E+022  -13.7924847070343     
  1.517482391384884E+022  -13.7694588561044     
  1.552801750843162E+022  -13.7464330051745     
  1.588942358420896E+022  -13.7234071542445     
  1.625923275506047E+022  -13.7003813033146     
  1.663764004294608E+022  -13.6773554523846     
  1.702484497908999E+022  -13.6543296014547     
  1.742105170745172E+022  -13.6313037505248     
  1.782646909053435E+022  -13.6082778995948     
  1.824131081758107E+022  -13.5852520486649     
  1.866579551521190E+022  -13.5622261977349     
  1.910014686055414E+022  -13.5392003468050     
  1.954459369692007E+022  -13.5161744958750     
  1.999937015208813E+022  -13.4931486449451     
  2.046471575924297E+022  -13.4701227940152     
  2.094087558063264E+022  -13.4470969430852     
  2.142810033400108E+022  -13.4240710921553     
  2.192664652185603E+022  -13.4010452412253     
  2.243677656363314E+022  -13.3780193902954     
  2.295875893081838E+022  -13.3549935393655     
  2.349286828509238E+022  -13.3319676884355     
  2.403938561956097E+022  -13.3089418375056     
  2.459859840313794E+022  -13.2859159865756     
  2.517080072814701E+022  -13.2628901356457     
  2.575629346121129E+022  -13.2398642847158     
  2.635538439750006E+022  -13.2168384337858     
  2.696838841840368E+022  -13.1938125828559     
  2.759562765270874E+022  -13.1707867319259     
  2.823743164134743E+022  -13.1477608809960     
  2.889413750579575E+022  -13.1247350300661     
  2.956609012019684E+022  -13.1017091791361     
  3.025364228728768E+022  -13.0786833282062     
  3.095715491820752E+022  -13.0556574772762     
  3.167699721626890E+022  -13.0326316263463     
  3.241354686477346E+022  -13.0096057754164     
  3.316719021895542E+022  -12.9865799244864     
  3.393832250213791E+022  -12.9635540735565     
  3.472734800618835E+022  -12.9405282226265     
  3.553468029636058E+022  -12.9175023716966     
  3.636074242061320E+022  -12.8944765207667     
  3.720596712349459E+022  -12.8714506698367     
  3.807079706468718E+022  -12.8484248189068     
  3.895568504230454E+022  -12.8253989679768     
  3.986109422103668E+022  -12.8023731170469     
  4.078749836524040E+022  -12.7793472661170     
  4.173538207707300E+022  -12.7563214151870     
  4.270524103976940E+022  -12.7332955642571     
  4.369758226616392E+022  -12.7102697133271     
  4.471292435255996E+022  -12.6872438623972     
  4.575179773805155E+022  -12.6642180114673     
  4.681474496940418E+022  -12.6411921605373     
  4.790232097160080E+022  -12.6181663096074     
  4.901509332416325E+022  -12.5951404586774     
  5.015364254336001E+022  -12.5721146077475     
  5.131856237041134E+022  -12.5490887568175     
  5.251046006580699E+022  -12.5260629058876     
  5.372995670985066E+022  -12.5030370549577     
  5.497768750954824E+022  -12.4800112040277     
  5.625430211195843E+022  -12.4569853530978     
  5.756046492412491E+022  -12.4339595021678     
  5.889685543971136E+022  -12.4109336512379     
  6.026416857246190E+022  -12.3879078003080     
  6.166311499661083E+022  -12.3648819493780     
  6.309442149436700E+022  -12.3418560984481     
  6.455883131059913E+022  -12.3188302475181     
  6.605710451485045E+022  -12.2958043965882     
  6.759001837081155E+022  -12.2727785456583     
  6.915836771338118E+022  -12.2497526947283     
  7.076296533344842E+022  -12.2267268437984     
  7.240464237052623E+022  -12.2037009928684     
  7.408424871337231E+022  -12.1806751419385     
  7.580265340873086E+022  -12.1576492910086     
  7.756074507833130E+022  -12.1346234400786     
  7.935943234428016E+022  -12.1115975891487     
  8.119964426298424E+022  -12.0885717382187     
  8.308233076774203E+022  -12.0655458872888     
  8.500846312014338E+022  -12.0425200363589     
  8.697903437041565E+022  -12.0194941854289     
  8.899505982685678E+022  -11.9964683344990     
  9.105757753449565E+022  -11.9734424835690     
  9.316764876311942E+022  -11.9504166326391     
  9.532635850480898E+022  -11.9273907817092     
  9.753481598112330E+022  -11.9043649307792     
  9.979415516007368E+022  -11.8813390798493     
  1.021055352830267E+023  -11.8583132289193     
  1.044701414016777E+023  -11.8352873779894     
  1.068891849252343E+023  -11.8122615270595     
  1.093639041779478E+023  -11.7892356761295     
  1.118955649671314E+023  -11.7662098251996     
  1.144854611618030E+023  -11.7431839742696     
  1.171349152820880E+023  -11.7201581233397     
  1.198452790995166E+023  -11.6971322724098     
  1.226179342483508E+023  -11.6741064214798     
  1.254542928480702E+023  -11.6510805705499     
  1.283557981371489E+023  -11.6280547196199     
  1.313239251182492E+023  -11.6050288686900     
  1.343601812149580E+023  -11.5820030177600     
  1.374661069401895E+023  -11.5589771668301     
  1.406432765763729E+023  -11.5359513159002     
  1.438932988675423E+023  -11.5129254649702     
  1.472178177234421E+023  -11.4898996140403     
  1.506185129357582E+023  -11.4668737631103     
  1.540971009065806E+023  -11.4438479121804     
  1.576553353891975E+023  -11.4208220612505     
  1.612950082413218E+023  -11.3977962103205     
  1.650179501908380E+023  -11.3747703593906     
  1.688260316141585E+023  -11.3517445084606     
  1.727211633272712E+023  -11.3287186575307     
  1.767052973895533E+023  -11.3056928066008     
  1.807804279204202E+023  -11.2826669556708     
  1.849485919288731E+023  -11.2596411047409     
  1.892118701560001E+023  -11.2366152538109     
  1.935723879304801E+023  -11.2135894028810     
  1.980323160371278E+023  -11.1905635519511     
  2.025938715985145E+023  -11.1675377010211     
  2.072593189696860E+023  -11.1445118500912     
  2.120309706459920E+023  -11.1214859991612     
  2.169111881840326E+023  -11.0984601482313     
  2.219023831357152E+023  -11.0754342973014     
  2.270070179954061E+023  -11.0524084463714     
  2.322276071601501E+023  -11.0293825954415     
  2.375667179029193E+023  -11.0063567445115     
  2.430269713588361E+023  -10.9833308935816     
  2.486110435243176E+023  -10.9603050426517     
  2.543216662690514E+023  -10.9372791917217     
  2.601616283607231E+023  -10.9142533407918     
  2.661337765023857E+023  -10.8912274898618     
  2.722410163823543E+023  -10.8682016389319     
  2.784863137364913E+023  -10.8451757880020     
  2.848726954227307E+023  -10.8221499370720     
  2.914032505076775E+023  -10.7991240861421     
  2.980811313650972E+023  -10.7760982352121     
  3.049095547860942E+023  -10.7530723842822     
  3.118918031007625E+023  -10.7300465333523     
  3.190312253110690E+023  -10.7070206824223     
  3.263312382347150E+023  -10.6839948314924     
  3.337953276596975E+023  -10.6609689805624     
  3.414270495092773E+023  -10.6379431296325     
  3.492300310170334E+023  -10.6149172787026     
  3.572079719116707E+023  -10.5918914277726     
  3.653646456112122E+023  -10.5688655768427     
  3.737039004262083E+023  -10.5458397259127     
  3.822296607715435E+023  -10.5228138749828     
  3.909459283864235E+023  -10.4997880240528     
  3.998567835620875E+023  -10.4767621731229     
  4.089663863767723E+023  -10.4537363221930     
  4.182789779374297E+023  -10.4307104712630     
  4.277988816276732E+023  -10.4076846203331     
  4.375305043614063E+023  -10.3846587694031     
  4.474783378415607E+023  -10.3616329184732     
  4.576469598233441E+023  -10.3386070675433     
  4.680410353813755E+023  -10.3155812166133     
  4.786653181800599E+023  -10.2925553656834     
  4.895246517465274E+023  -10.2695295147534     
  5.006239707454338E+023  -10.2465036638235     
  5.119683022549062E+023  -10.2234778128936     
  5.235627670428698E+023  -10.2004519619636     
  5.354125808429953E+023  -10.1774261110337     
  5.475230556294517E+023  -10.1544002601037     
  5.598996008896544E+023  -10.1313744091738     
  5.725477248941488E+023  -10.1083485582439     
  5.854730359627586E+023  -10.0853227073139     
  5.986812437261101E+023  -10.0622968563840     
  6.121781603816075E+023  -10.0392710054540     
  6.259697019429261E+023  -10.0162451545241     
  6.400618894820559E+023  -9.99321930359416     
  6.544608503629293E+023  -9.97019345266422     
  6.691728194656219E+023  -9.94716760173428     
  6.842041404001183E+023  -9.92414175080434     
  6.995612667086149E+023  -9.90111589987440     
  7.152507630553072E+023  -9.87809004894446     
  7.312793064026073E+023  -9.85506419801452     
  7.476536871727210E+023  -9.83203834708458     
  7.643808103935066E+023  -9.80901249615463     
  7.814676968275256E+023  -9.78598664522469     
  7.989214840831938E+023  -9.76296079429475     
  8.167494277069319E+023  -9.73993494336481     
  8.349589022552351E+023  -9.71690909243487     
  8.535574023455379E+023  -9.69388324150493     
  8.725525436848010E+023  -9.67085739057499     
  8.919520640747269E+023  -9.64783153964505     
  9.117638243925297E+023  -9.62480568871511     
  9.319958095461847E+023  -9.60177983778517     
  9.526561294031140E+023  -9.57875398685523     
  9.737530196912735E+023  -9.55572813592529     
  9.952948428716209E+023  -9.53270228499535     
  1.017290088980988E+024  -9.50967643406541     
  1.039747376444384E+024  -9.48665058313547     
  1.062675452855809E+024  -9.46362473220553     
  1.086083195726676E+024  -9.44059888127559     
  1.109979613200983E+024  -9.41757303034565     
  1.134373844736427E+024  -9.39454717941571     
  1.159275161750678E+024  -9.37152132848577     
  1.184692968232096E+024  -9.34849547755583     
  1.210636801314224E+024  -9.32546962662588     
  1.237116331813435E+024  -9.30244377569594     
  1.264141364729200E+024  -9.27941792476600     
  1.291721839706454E+024  -9.25639207383606     
  1.319867831459670E+024  -9.23336622290612     
  1.348589550158276E+024  -9.21034037197618     
  1.377897341773138E+024  -9.18731452104624     
  1.407801688383907E+024  -9.16428867011630     
  1.438313208447128E+024  -9.14126281918636     
  1.469442657025060E+024  -9.11823696825642     
  1.501200925975272E+024  -9.09521111732648     
  1.533599044101156E+024  -9.07218526639654     
  1.566648177263606E+024  -9.04915941546660     
  1.600359628454171E+024  -9.02613356453666     
  1.634744837830149E+024  -9.00310771360672     
  1.669815382712134E+024  -8.98008186267678     
  1.705582977544649E+024  -8.95705601174684     
  1.742059473820620E+024  -8.93403016081690     
  1.779256859970519E+024  -8.91100430988696     
  1.817187261217132E+024  -8.88797845895701     
  1.855862939397029E+024  -8.86495260802707     
  1.895296292749860E+024  -8.84192675709713     
  1.935499855676790E+024  -8.81890090616719     
  1.976486298469431E+024  -8.79587505523725     
  2.018268427010767E+024  -8.77284920430731     
  2.060859182449662E+024  -8.74982335337737     
  2.104271640850654E+024  -8.72679750244743     
  2.148519012820816E+024  -8.70377165151749     
  2.193614643115631E+024  -8.68074580058755     
  2.239572010225816E+024  -8.65771994965761     
  2.286404725947252E+024  -8.63469409872767     
  2.334126534936169E+024  -8.61166824779773     
  2.382751314251876E+024  -8.58864239686779     
  2.432293072889405E+024  -8.56561654593785     
  2.482765951304495E+024  -8.54259069500791     
  2.534184220933450E+024  -8.51956484407797     
  2.586562283710448E+024  -8.49653899314803     
  2.639914671584955E+024  -8.47351314221809     
  2.694256046042010E+024  -8.45048729128815     
  2.749601197628042E+024  -8.42746144035821     
  2.805965045485141E+024  -8.40443558942827     
  2.863362636896615E+024  -8.38140973849833     
  2.921809146846682E+024  -8.35838388756838     
  2.981319877597285E+024  -8.33535803663844     
  3.041910258284932E+024  -8.31233218570850     
  3.103595844540547E+024  -8.28930633477856     
  3.166392318135266E+024  -8.26628048384862     
  3.230315486655194E+024  -8.24325463291868     
  3.295381283208018E+024  -8.22022878198874     
  3.361605766164494E+024  -8.19720293105880     
  3.429005118937660E+024  -8.17417708012886     
  3.497595649802724E+024  -8.15115122919892     
  3.567393791760455E+024  -8.12812537826898     
  3.638416102446889E+024  -8.10509952733904     
  3.710679264092135E+024  -8.08207367640910     
  3.784200083530979E+024  -8.05904782547916     
  3.858995492267884E+024  -8.03602197454922     
  3.935082546599059E+024  -8.01299612361928     
  4.012478427793999E+024  -7.98997027268934     
  4.091200442338936E+024  -7.96694442175940     
  4.171266022244568E+024  -7.94391857082946     
  4.252692725420256E+024  -7.92089271989952     
  4.335498236116836E+024  -7.89786686896958     
  4.419700365440121E+024  -7.87484101803964     
  4.505317051936965E+024  -7.85181516710970     
  4.592366362255771E+024  -7.82878931617975     
  4.680866491883108E+024  -7.80576346524981     
  4.770835765958061E+024  -7.78273761431987     
  4.862292640165784E+024  -7.75971176338993     
  4.955255701711623E+024  -7.73668591245999     
  5.049743670377048E+024  -7.71366006153005     
  5.145775399658487E+024  -7.69063421060011     
  5.243369877990120E+024  -7.66760835967017     
  5.342546230051450E+024  -7.64458250874023     
  5.443323718160390E+024  -7.62155665781029     
  5.545721743752655E+024  -7.59853080688035     
  5.649759848947713E+024  -7.57550495595041     
  5.755457718201908E+024  -7.55247910502047     
  5.862835180048962E+024  -7.52945325409053     
  5.971912208927992E+024  -7.50642740316059     
  6.082708927099125E+024  -7.48340155223065     
  6.195245606646712E+024  -7.46037570130071     
  6.309542671569838E+024  -7.43734985037077     
  6.425620699960028E+024  -7.41432399944083     
  6.543500426265726E+024  -7.39129814851089     
  6.663202743643043E+024  -7.36827229758095     
  6.784748706392344E+024  -7.34524644665101     
  6.908159532479979E+024  -7.32222059572107     
  7.033456606144449E+024  -7.29919474479112     
  7.160661480586309E+024  -7.27616889386118     
  7.289795880740856E+024  -7.25314304293124     
  7.420881706132757E+024  -7.23011719200130     
  7.553941033811607E+024  -7.20709134107136     
  7.688996121367483E+024  -7.18406549014142     
  7.826069410025262E+024  -7.16103963921148     
  7.965183527816711E+024  -7.13801378828154     
  8.106361292829109E+024  -7.11498793735160     
  8.249625716529312E+024  -7.09196208642166     
  8.395000007161910E+024  -7.06893623549172     
  8.542507573220303E+024  -7.04591038456178     
  8.692172026989434E+024  -7.02288453363184     
  8.844017188158874E+024  -6.99985868270190     
  8.998067087504989E+024  -6.97683283177196     
  9.154345970640891E+024  -6.95380698084202     
  9.312878301832849E+024  -6.93078112991208     
  9.473688767881943E+024  -6.90775527898214     
  9.636802282069606E+024  -6.88472942805220     
  9.802243988165823E+024  -6.86170357712226     
  9.970039264498714E+024  -6.83867772619232     
  1.014021372808430E+025  -6.81565187526238     
  1.031279323881516E+025  -6.79262602433244     
  1.048780390370699E+025  -6.76960017340249     
  1.066527208120156E+025  -6.74657432247255     
  1.084522438552531E+025  -6.72354847154261     
  1.102768769110230E+025  -6.70052262061267     
  1.121268913702047E+025  -6.67749676968273     
  1.140025613155020E+025  -6.65447091875279     
  1.159041635671430E+025  -6.63144506782285     
  1.178319777290832E+025  -6.60841921689291     
  1.197862862357047E+025  -6.58539336596297     
  1.217673743990002E+025  -6.56236751503303     
  1.237755304562398E+025  -6.53934166410309     
  1.258110456181055E+025  -6.51631581317315     
  1.278742141172917E+025  -6.49328996224321     
  1.299653332575634E+025  -6.47026411131327     
  1.320847034632664E+025  -6.44723826038333     
  1.342326283292848E+025  -6.42421240945339     
  1.364094146714384E+025  -6.40118655852345     
  1.386153725773188E+025  -6.37816070759350     
  1.408508154575574E+025  -6.35513485666356     
  1.431160600975250E+025  -6.33210900573362     
  1.454114267094560E+025  -6.30908315480368     
  1.477372389849984E+025  -6.28605730387374     
  1.500938241481870E+025  -6.26303145294380     
  1.524815130088357E+025  -6.24000560201386     
  1.549006400163527E+025  -6.21697975108392     
  1.573515433139732E+025  -6.19395390015398     
  1.598345647934138E+025  -6.17092804922404     
  1.623500501499467E+025  -6.14790219829410     
  1.648983489378951E+025  -6.12487634736416     
  1.674798146265526E+025  -6.10185049643422     
  1.700948046565260E+025  -6.07882464550428     
  1.727436804965074E+025  -6.05579879457434     
  1.754268077004737E+025  -6.03277294364440     
  1.781445559653223E+025  -6.00974709271446     
  1.808972991889407E+025  -5.98672124178452     
  1.836854155287195E+025  -5.96369539085458     
  1.865092874605090E+025  -5.94066953992464     
  1.893693018380261E+025  -5.91764368899470     
  1.922658499527165E+025  -5.89461783806476     
  1.951993275940776E+025  -5.87159198713482     
  1.981701351104472E+025  -5.84856613620488     
  2.011786774702658E+025  -5.82554028527494     
  2.042253643238165E+025  -5.80251443434500     
  2.073106100654525E+025  -5.77948858341506     
  2.104348338963160E+025  -5.75646273248511     
  2.135984598875569E+025  -5.73343688155517     
  2.168019170440623E+025  -5.71041103062523     
  2.200456393686986E+025  -5.68738517969529     
  2.233300659270789E+025  -5.66435932876535     
  2.266556409128645E+025  -5.64133347783541     
  2.300228137136034E+025  -5.61830762690547     
  2.334320389771245E+025  -5.59528177597553     
  2.368837766784854E+025  -5.57225592504559     
  2.403784921874931E+025  -5.54923007411565     
  2.439166563368001E+025  -5.52620422318571     
  2.474987454905892E+025  -5.50317837225577     
  2.511252416138572E+025  -5.48015252132583     
  2.547966323423043E+025  -5.45712667039589     
  2.585134110528446E+025  -5.43410081946595     
  2.622760769347424E+025  -5.41107496853601     
  2.660851350613903E+025  -5.38804911760607     
  2.699410964627358E+025  -5.36502326667613     
  2.738444781983706E+025  -5.34199741574619     
  2.777958034312910E+025  -5.31897156481624     
  2.817956015023416E+025  -5.29594571388630     
  2.858444080053561E+025  -5.27291986295636     
  2.899427648630017E+025  -5.24989401202642     
  2.940912204033426E+025  -5.22686816109648     
  2.982903294371341E+025  -5.20384231016654     
  3.025406533358577E+025  -5.18081645923660     
  3.068427601105100E+025  -5.15779060830666     
  3.111972244911564E+025  -5.13476475737672     
  3.156046280072648E+025  -5.11173890644678     
  3.200655590688270E+025  -5.08871305551684     
  3.245806130482843E+025  -5.06568720458690     
  3.291503923632690E+025  -5.04266135365696     
  3.337755065601702E+025  -5.01963550272702     
  3.384565723985430E+025  -4.99660965179708     
  3.431942139363703E+025  -4.97358380086714     
  3.479890626161883E+025  -4.95055794993720     
  3.528417573520930E+025  -4.92753209900726     
  3.577529446176372E+025  -4.90450624807731     
  3.627232785346297E+025  -4.88148039714737     
  3.677534209628583E+025  -4.85845454621743     
  3.728440415907370E+025  -4.83542869528749     
  3.779958180269006E+025  -4.81240284435755     
  3.832094358927540E+025  -4.78937699342761     
  3.884855889159946E+025  -4.76635114249767     
  3.938249790251167E+025  -4.74332529156773     
  3.992283164449109E+025  -4.72029944063779     
  4.046963197929767E+025  -4.69727358970785     
  4.102297161772571E+025  -4.67424773877791     
  4.158292412946097E+025  -4.65122188784797     
  4.214956395304285E+025  -4.62819603691803     
  4.272296640593286E+025  -4.60517018598809     
  4.330320769469070E+025  -4.58214433505815     
  4.389036492525966E+025  -4.55911848412821     
  4.448451611336183E+025  -4.53609263319827     
  4.508574019500536E+025  -4.51306678226833     
  4.569411703710442E+025  -4.49004093133839     
  4.630972744821370E+025  -4.46701508040845     
  4.693265318937805E+025  -4.44398922947851     
  4.756297698509927E+025  -4.42096337854857     
  4.820078253442100E+025  -4.39793752761863     
  4.884615452213257E+025  -4.37491167668869     
  4.949917863009410E+025  -4.35188582575875     
  5.015994154868269E+025  -4.32885997482881     
  5.082853098836225E+025  -4.30583412389887     
  5.150503569137697E+025  -4.28280827296892     
  5.218954544357054E+025  -4.25978242203898     
  5.288215108633148E+025  -4.23675657110904     
  5.358294452866625E+025  -4.21373072017910     
  5.429201875940059E+025  -4.19070486924916     
  5.500946785951082E+025  -4.16767901831922     
  5.573538701458511E+025  -4.14465316738928     
  5.646987252741672E+025  -4.12162731645934     
  5.721302183072898E+025  -4.09860146552940     
  5.796493350003351E+025  -4.07557561459946     
  5.872570726662182E+025  -4.05254976366952     
  5.949544403069206E+025  -4.02952391273958     
  6.027424587460959E+025  -4.00649806180964     
  6.106221607630340E+025  -3.98347221087970     
  6.185945912279825E+025  -3.96044635994976     
  6.266608072388247E+025  -3.93742050901982     
  6.348218782591192E+025  -3.91439465808988     
  6.430788862574952E+025  -3.89136880715994     
  6.514329258484128E+025  -3.86834295622999     
  6.598851044342708E+025  -3.84531710530005     
  6.684365423488665E+025  -3.82229125437011     
  6.770883730021989E+025  -3.79926540344017     
  6.858417430266037E+025  -3.77623955251023     
  6.946978124242092E+025  -3.75321370158029     
  7.036577547157013E+025  -3.73018785065035     
  7.127227570903807E+025  -3.70716199972041     
  7.218940205574876E+025  -3.68413614879047     
  7.311727600987783E+025  -3.66111029786053     
  7.405602048223244E+025  -3.63808444693059     
  7.500575981175026E+025  -3.61505859600065     
  7.596661978111414E+025  -3.59203274507071     
  7.693872763247888E+025  -3.56900689414077     
  7.792221208330562E+025  -3.54598104321083     
  7.891720334229867E+025  -3.52295519228089     
  7.992383312543917E+025  -3.49992934135095     
  8.094223467211068E+025  -3.47690349042101     
  8.197254276130794E+025  -3.45387763949107     
  8.301489372792296E+025  -3.43085178856113     
  8.406942547909955E+025  -3.40782593763119     
  8.513627751064596E+025  -3.38480008670125     
  8.621559092349788E+025  -3.36177423577131     
  8.730750844021745E+025  -3.33874838484137     
  8.841217442151975E+025  -3.31572253391143     
  8.952973488280868E+025  -3.29269668298149     
  9.066033751071174E+025  -3.26967083205155     
  9.180413167959423E+025  -3.24664498112161     
  9.296126846803665E+025  -3.22361913019166     
  9.413190067525494E+025  -3.20059327926172     
  9.531618283744336E+025  -3.17756742833178     
  9.651427124401510E+025  -3.15454157740184     
  9.772632395371567E+025  -3.13151572647190     
  9.895250081058190E+025  -3.10848987554196     
  1.001929634597152E+026  -3.08546402461202     
  1.014478753628370E+026  -3.06243817368208     
  1.027174018135888E+026  -3.03941232275214     
  1.040017099525391E+026  -3.01638647182220     
  1.053009687818536E+026  -2.99336062089226     
  1.066153491795822E+026  -2.97033476996232     
  1.079450239135117E+026  -2.94730891903238     
  1.092901676545307E+026  -2.92428306810244     
  1.106509569894439E+026  -2.90125721717250     
  1.120275704331746E+026  -2.87823136624256     
  1.134201884402808E+026  -2.85520551531262     
  1.148289934157106E+026  -2.83217966438268     
  1.162541697247125E+026  -2.80915381345273     
  1.176959037018102E+026  -2.78612796252279     
  1.191543836587437E+026  -2.76310211159285     
  1.206297998912698E+026  -2.74007626066291     
  1.221223446847070E+026  -2.71705040973297     
  1.236322123180975E+026  -2.69402455880303     
  1.251595990668532E+026  -2.67099870787309     
  1.267047032037350E+026  -2.64797285694315     
  1.282677249980080E+026  -2.62494700601321     
  1.298488667125978E+026  -2.60192115508327     
  1.314483325990617E+026  -2.57889530415333     
  1.330663288901694E+026  -2.55586945322339     
  1.347030637898761E+026  -2.53284360229345     
  1.363587474604465E+026  -2.50981775136351     
  1.380335920064749E+026  -2.48679190043357     
  1.397278114555198E+026  -2.46376604950363     
  1.414416217350534E+026  -2.44074019857369     
  1.431752406453984E+026  -2.41771434764375     
  1.449288878282994E+026  -2.39468849671381     
  1.467027847307485E+026  -2.37166264578386     
  1.484971545636510E+026  -2.34863679485392     
  1.503122222548899E+026  -2.32561094392398     
  1.521482143963049E+026  -2.30258509299404     
  1.540053591840697E+026  -2.27955924206410     
  1.558838863519080E+026  -2.25653339113416     
  1.577840270965437E+026  -2.23350754020422     
  1.597060139947365E+026  -2.21048168927428     
  1.616500809112028E+026  -2.18745583834434     
  1.636164628966638E+026  -2.16442998741440     
  1.656053960752149E+026  -2.14140413648446     
  1.676171175201362E+026  -2.11837828555452     
  1.696518651172117E+026  -2.09535243462458     
  1.717098774145441E+026  -2.07232658369464     
  1.737913934577848E+026  -2.04930073276470     
  1.758966526096169E+026  -2.02627488183476     
  1.780258943522486E+026  -2.00324903090482     
  1.801793580715830E+026  -1.98022317997488     
  1.823572828216393E+026  -1.95719732904494     
  1.845599070677053E+026  -1.93417147811500     
  1.867874684065922E+026  -1.91114562718506     
  1.890402032622651E+026  -1.88811977625512     
  1.913183465550008E+026  -1.86509392532518     
  1.936221313421186E+026  -1.84206807439524     
  1.959517884282035E+026  -1.81904222346530     
  1.983075459426211E+026  -1.79601637253536     
  2.006896288820012E+026  -1.77299052160541     
  2.030982586152344E+026  -1.74996467067547     
  2.055336523484030E+026  -1.72693881974553     
  2.079960225469416E+026  -1.70391296881559     
  2.104855763121937E+026  -1.68088711788565     
  2.130025147094177E+026  -1.65786126695571     
  2.155470320441764E+026  -1.63483541602577     
  2.181193150839436E+026  -1.61180956509583     
  2.207195422216715E+026  -1.58878371416589     
  2.233478825779832E+026  -1.56575786323595     
  2.260044950386073E+026  -1.54273201230601     
  2.286895272236314E+026  -1.51970616137607     
  2.314031143851741E+026  -1.49668031044613     
  2.341453782300867E+026  -1.47365445951619     
  2.369164256644054E+026  -1.45062860858625     
  2.397163474563953E+026  -1.42760275765631     
  2.425452168152328E+026  -1.40457690672637     
  2.454030878826356E+026  -1.38155105579643     
  2.482899941351004E+026  -1.35852520486648     
  2.512059466948505E+026  -1.33549935393654     
  2.541509325481357E+026  -1.31247350300660     
  2.571249126701915E+026  -1.28944765207666     
  2.601278200569522E+026  -1.26642180114672     
  2.631595576645448E+026  -1.24339595021678     
  2.662199962586767E+026  -1.22037009928684     
  2.693089721772855E+026  -1.19734424835690     
  2.724262850112473E+026  -1.17431839742696     
  2.755716952095631E+026  -1.15129254649702     
  2.787449216172541E+026  -1.12826669556708     
  2.819456389562120E+026  -1.10524084463714     
  2.851734752614553E+026  -1.08221499370720     
  2.884280092876520E+026  -1.05918914277726     
  2.917087679033472E+026  -1.03616329184732     
  2.950152234930771E+026  -1.01313744091738     
  2.983467913904343E+026 -0.990111589987439     
  3.017028273681058E+026 -0.967085739057499     
  3.050826252139309E+026 -0.944059888127558     
  3.084854144250158E+026 -0.921034037197618     
  3.119103580548469E+026 -0.898008186267678     
  3.153565507510757E+026 -0.874982335337737     
  3.188230170240930E+026 -0.851956484407797     
  3.223087097885782E+026 -0.828930633477857     
  3.258125092217601E+026 -0.805904782547916     
  3.293332219830543E+026 -0.782878931617976     
  3.328695808399055E+026 -0.759853080688035     
  3.364202447439241E+026 -0.736827229758095     
  3.399837993996895E+026 -0.713801378828155     
  3.435587583657336E+026 -0.690775527898211     
  3.471435647231719E+026 -0.667749676968270     
  3.507365933421725E+026 -0.644723826038330     
  3.543361537698662E+026 -0.621697975108390     
  3.579404937555194E+026 -0.598672124178449     
  3.615478034198044E+026 -0.575646273248509     
  3.651562200650021E+026 -0.552620422318569     
  3.687638336120971E+026 -0.529594571388628     
  3.723686926392563E+026 -0.506568720458688     
  3.759688109843507E+026 -0.483542869528748     
  3.795621748623821E+026 -0.460517018598807     
  3.831467504372008E+026 -0.437491167668867     
  3.867204917761861E+026 -0.414465316738927     
  3.902813491069238E+026 -0.391439465808986     
  3.938272772867674E+026 -0.368413614879046     
  3.973562443897849E+026 -0.345387763949105     
  4.008662403112621E+026 -0.322361913019165     
  4.043552852878532E+026 -0.299336062089225     
  4.078214382317270E+026 -0.276310211159284     
  4.112628047797306E+026 -0.253284360229344     
  4.146775449635415E+026 -0.230258509299404     
  4.180638804139217E+026 -0.207232658369463     
  4.214201010212327E+026 -0.184206807439523     
  4.247445709850358E+026 -0.161180956509583     
  4.280357341975141E+026 -0.138155105579642     
  4.312921189182322E+026 -0.115129254649702     
  4.345123417109622E+026 -9.210340371976145E-002
  4.376951106265640E+026 -6.907755278982108E-002
  4.408392276288197E+026 -4.605170185988072E-002
  4.439435902723379E+026 -2.302585092994036E-002
