  0.000000000000000E+000  0.000000000000000E+000  0.000000000000000E+000
  0.000000000000000E+000  0.000000000000000E+000  0.000000000000000E+000
  0.000000000000000E+000  0.000000000000000E+000  0.000000000000000E+000
  0.000000000000000E+000  0.000000000000000E+000  0.000000000000000E+000
  0.000000000000000E+000  0.000000000000000E+000  0.000000000000000E+000
  0.000000000000000E+000  0.000000000000000E+000  0.000000000000000E+000
  0.000000000000000E+000  0.000000000000000E+000  0.000000000000000E+000
  0.000000000000000E+000  0.000000000000000E+000  0.000000000000000E+000
  0.000000000000000E+000  0.000000000000000E+000  0.000000000000000E+000
  0.000000000000000E+000  0.000000000000000E+000  0.000000000000000E+000
  0.000000000000000E+000  0.000000000000000E+000  0.000000000000000E+000
  0.000000000000000E+000  0.000000000000000E+000  0.000000000000000E+000
  0.000000000000000E+000  0.000000000000000E+000  0.000000000000000E+000
  0.000000000000000E+000  0.000000000000000E+000  0.000000000000000E+000
  0.000000000000000E+000  0.000000000000000E+000  0.000000000000000E+000
  0.000000000000000E+000  0.000000000000000E+000  0.000000000000000E+000
  0.000000000000000E+000  0.000000000000000E+000  0.000000000000000E+000
  0.000000000000000E+000  0.000000000000000E+000  0.000000000000000E+000
  0.000000000000000E+000  0.000000000000000E+000  0.000000000000000E+000
  0.000000000000000E+000  0.000000000000000E+000  0.000000000000000E+000
  0.000000000000000E+000  0.000000000000000E+000  0.000000000000000E+000
  0.000000000000000E+000  0.000000000000000E+000  0.000000000000000E+000
  0.000000000000000E+000  0.000000000000000E+000  0.000000000000000E+000
  0.000000000000000E+000  0.000000000000000E+000  0.000000000000000E+000
  0.000000000000000E+000  0.000000000000000E+000  0.000000000000000E+000
  0.000000000000000E+000  0.000000000000000E+000  0.000000000000000E+000
  0.000000000000000E+000  0.000000000000000E+000  0.000000000000000E+000
  0.000000000000000E+000  0.000000000000000E+000  0.000000000000000E+000
  0.000000000000000E+000  0.000000000000000E+000  0.000000000000000E+000
  0.000000000000000E+000  0.000000000000000E+000  0.000000000000000E+000
  0.000000000000000E+000  0.000000000000000E+000  0.000000000000000E+000
  0.000000000000000E+000  0.000000000000000E+000  0.000000000000000E+000
  0.000000000000000E+000  0.000000000000000E+000  0.000000000000000E+000
  0.000000000000000E+000  0.000000000000000E+000  0.000000000000000E+000
  0.000000000000000E+000  0.000000000000000E+000  0.000000000000000E+000
  0.000000000000000E+000  0.000000000000000E+000  0.000000000000000E+000
  0.000000000000000E+000  0.000000000000000E+000  0.000000000000000E+000
  0.000000000000000E+000  0.000000000000000E+000  0.000000000000000E+000
  0.000000000000000E+000  0.000000000000000E+000  0.000000000000000E+000
  0.000000000000000E+000  0.000000000000000E+000  0.000000000000000E+000
  0.000000000000000E+000  0.000000000000000E+000  0.000000000000000E+000
  0.000000000000000E+000  0.000000000000000E+000  0.000000000000000E+000
  0.000000000000000E+000  0.000000000000000E+000  0.000000000000000E+000
  0.000000000000000E+000  0.000000000000000E+000  0.000000000000000E+000
  0.000000000000000E+000  0.000000000000000E+000  0.000000000000000E+000
  0.000000000000000E+000  0.000000000000000E+000  0.000000000000000E+000
  0.000000000000000E+000  0.000000000000000E+000  0.000000000000000E+000
  0.000000000000000E+000  0.000000000000000E+000  0.000000000000000E+000
  0.000000000000000E+000  0.000000000000000E+000  0.000000000000000E+000
  0.000000000000000E+000  0.000000000000000E+000  0.000000000000000E+000
  0.000000000000000E+000  0.000000000000000E+000  0.000000000000000E+000
  0.000000000000000E+000  0.000000000000000E+000  0.000000000000000E+000
  0.000000000000000E+000  0.000000000000000E+000  0.000000000000000E+000
  0.000000000000000E+000  0.000000000000000E+000  0.000000000000000E+000
  0.000000000000000E+000  0.000000000000000E+000  0.000000000000000E+000
  0.000000000000000E+000  0.000000000000000E+000  0.000000000000000E+000
  0.000000000000000E+000  0.000000000000000E+000  0.000000000000000E+000
  0.000000000000000E+000  0.000000000000000E+000  0.000000000000000E+000
  0.000000000000000E+000  0.000000000000000E+000  0.000000000000000E+000
  0.000000000000000E+000  0.000000000000000E+000  0.000000000000000E+000
  0.000000000000000E+000  0.000000000000000E+000  0.000000000000000E+000
  0.000000000000000E+000  0.000000000000000E+000  0.000000000000000E+000
  0.000000000000000E+000  0.000000000000000E+000  0.000000000000000E+000
  0.000000000000000E+000  0.000000000000000E+000  0.000000000000000E+000
  0.000000000000000E+000  0.000000000000000E+000  0.000000000000000E+000
  0.000000000000000E+000  0.000000000000000E+000  0.000000000000000E+000
  0.000000000000000E+000  0.000000000000000E+000  0.000000000000000E+000
  0.000000000000000E+000  0.000000000000000E+000  0.000000000000000E+000
  0.000000000000000E+000  0.000000000000000E+000  0.000000000000000E+000
  0.000000000000000E+000  0.000000000000000E+000  0.000000000000000E+000
  0.000000000000000E+000  0.000000000000000E+000  0.000000000000000E+000
  0.000000000000000E+000  0.000000000000000E+000  0.000000000000000E+000
  0.000000000000000E+000  0.000000000000000E+000  0.000000000000000E+000
  0.000000000000000E+000  0.000000000000000E+000  0.000000000000000E+000
  0.000000000000000E+000  0.000000000000000E+000  0.000000000000000E+000
  0.000000000000000E+000  0.000000000000000E+000  0.000000000000000E+000
  0.000000000000000E+000  0.000000000000000E+000  0.000000000000000E+000
  0.000000000000000E+000  0.000000000000000E+000  0.000000000000000E+000
  0.000000000000000E+000  0.000000000000000E+000  0.000000000000000E+000
  0.000000000000000E+000  0.000000000000000E+000  0.000000000000000E+000
  0.000000000000000E+000  0.000000000000000E+000  0.000000000000000E+000
  0.000000000000000E+000  0.000000000000000E+000  0.000000000000000E+000
  0.000000000000000E+000  0.000000000000000E+000  0.000000000000000E+000
  0.000000000000000E+000  0.000000000000000E+000  0.000000000000000E+000
  0.000000000000000E+000  0.000000000000000E+000  0.000000000000000E+000
  0.000000000000000E+000  0.000000000000000E+000  0.000000000000000E+000
  0.000000000000000E+000  0.000000000000000E+000  0.000000000000000E+000
  0.000000000000000E+000  0.000000000000000E+000  0.000000000000000E+000
  0.000000000000000E+000  0.000000000000000E+000  0.000000000000000E+000
  0.000000000000000E+000  0.000000000000000E+000  0.000000000000000E+000
  0.000000000000000E+000  0.000000000000000E+000  0.000000000000000E+000
  0.000000000000000E+000  0.000000000000000E+000  0.000000000000000E+000
  0.000000000000000E+000  0.000000000000000E+000  0.000000000000000E+000
  0.000000000000000E+000  0.000000000000000E+000  0.000000000000000E+000
  0.000000000000000E+000  0.000000000000000E+000  0.000000000000000E+000
  0.000000000000000E+000  0.000000000000000E+000  0.000000000000000E+000
  0.000000000000000E+000  0.000000000000000E+000  0.000000000000000E+000
  0.000000000000000E+000  0.000000000000000E+000  0.000000000000000E+000
  0.000000000000000E+000  0.000000000000000E+000  0.000000000000000E+000
  0.000000000000000E+000  0.000000000000000E+000  0.000000000000000E+000
  0.000000000000000E+000  0.000000000000000E+000  0.000000000000000E+000
  0.000000000000000E+000  0.000000000000000E+000  0.000000000000000E+000
  0.000000000000000E+000  0.000000000000000E+000  0.000000000000000E+000
  0.000000000000000E+000  0.000000000000000E+000  0.000000000000000E+000
  0.000000000000000E+000  0.000000000000000E+000  0.000000000000000E+000
  0.000000000000000E+000  0.000000000000000E+000  0.000000000000000E+000
  0.000000000000000E+000  0.000000000000000E+000  0.000000000000000E+000
  0.000000000000000E+000  0.000000000000000E+000  0.000000000000000E+000
  0.000000000000000E+000  0.000000000000000E+000  0.000000000000000E+000
  0.000000000000000E+000  0.000000000000000E+000  0.000000000000000E+000
  0.000000000000000E+000  0.000000000000000E+000  0.000000000000000E+000
  0.000000000000000E+000  0.000000000000000E+000  0.000000000000000E+000
  0.000000000000000E+000  0.000000000000000E+000  0.000000000000000E+000
  0.000000000000000E+000  0.000000000000000E+000  0.000000000000000E+000
  0.000000000000000E+000  0.000000000000000E+000  0.000000000000000E+000
  0.000000000000000E+000  0.000000000000000E+000  0.000000000000000E+000
  0.000000000000000E+000  0.000000000000000E+000  0.000000000000000E+000
  0.000000000000000E+000  0.000000000000000E+000  0.000000000000000E+000
  0.000000000000000E+000  0.000000000000000E+000  0.000000000000000E+000
  0.000000000000000E+000  0.000000000000000E+000  0.000000000000000E+000
  0.000000000000000E+000  0.000000000000000E+000  0.000000000000000E+000
  0.000000000000000E+000  0.000000000000000E+000  0.000000000000000E+000
  0.000000000000000E+000  0.000000000000000E+000  0.000000000000000E+000
  0.000000000000000E+000  0.000000000000000E+000  0.000000000000000E+000
  0.000000000000000E+000  0.000000000000000E+000  0.000000000000000E+000
  0.000000000000000E+000  0.000000000000000E+000  0.000000000000000E+000
  0.000000000000000E+000  0.000000000000000E+000  4.940656458412465E-324
  0.000000000000000E+000  0.000000000000000E+000 -9.881312916824931E-324
  0.000000000000000E+000  0.000000000000000E+000  2.964393875047479E-323
  0.000000000000000E+000  0.000000000000000E+000 -1.086944420850742E-322
  0.000000000000000E+000  0.000000000000000E+000  4.001931731314097E-322
  0.000000000000000E+000 -9.881312916824931E-324 -1.487137593982152E-321
  0.000000000000000E+000  3.458459520888726E-323  5.558238515714024E-321
  0.000000000000000E+000 -1.383383808355490E-322 -2.074087581241553E-320
  0.000000000000000E+000  5.138282716748964E-322  7.741020539040651E-320
  0.000000000000000E+000 -1.916974705864037E-321 -2.888900644362937E-319
  0.000000000000000E+000  7.163951864698075E-321  1.078154993011227E-318
  0.000000000000000E+000 -2.674377340938668E-320 -4.023729907608613E-318
  0.000000000000000E+000  9.981608242930704E-320  1.501675969676677E-317
  0.000000000000000E+000 -3.725205563078415E-319 -5.604330393880199E-317
  0.000000000000000E+000  1.390261202145600E-318  2.091564560584412E-316
  0.000000000000000E+000 -5.188524252274560E-318 -7.805825252356193E-316
  0.000000000000000E+000  1.936383580695264E-317  2.913173649824692E-315
  0.000000000000000E+000 -7.226682391619246E-317 -1.087211207406315E-314
  0.000000000000000E+000  2.697034697391301E-316  4.057527464148725E-314
  0.000000000000000E+000 -1.006547050099672E-315 -1.514289864869452E-313
  0.000000000000000E+000  3.756484740540869E-315  5.651406713161749E-313
  0.000000000000000E+000 -1.401939190712315E-314 -2.109133698782695E-312
  0.000000000000000E+000  5.232108287807041E-314  7.871394123804724E-312
  0.000000000000000E+000 -1.952649396100992E-313 -2.937644279644608E-311
  0.000000000000000E+000  7.287386755623262E-313  1.096343770619845E-310
  0.000000000000000E+000 -2.719689762639206E-312 -4.091610654514970E-310
  0.000000000000000E+000  1.015002037498462E-311  1.527009884744004E-309
  0.000000000000000E+000 -3.788039173729926E-311 -5.698878473524522E-309
  0.000000000000000E+000  1.413715465742025E-310  2.126850400935408E-308
  0.000000000000000E+000 -5.276057945595257E-310 -7.937513756389180E-308
  0.000000000000000E+000  1.969051631663885E-309  2.962320462462131E-307
  0.000000000000000E+000 -7.348600732096025E-309 -1.105553047420961E-306
  0.000000000000000E+000  2.742535129672022E-308  4.125980143437630E-306
  0.000000000000000E+000 -1.023528044547849E-307 -1.539836752632956E-305
  0.000000000000000E+000  3.819858665224192E-307  5.746748996188062E-305
  0.000000000000000E+000 -1.425590661634892E-306 -2.144715923211929E-304
  0.000000000000000E+000  5.320376780017149E-306  8.004188793228909E-304
  0.000000000000000E+000 -1.985591645843513E-305 -2.987203924970157E-303
  0.000000000000000E+000  7.410328905371806E-305  1.114839682055854E-302
  0.000000000000000E+000 -2.765572397564371E-304 -4.160638335726399E-302
  0.000000000000000E+000  1.032125669972031E-303  1.552771366084974E-301
  0.000000000000000E+000 -3.851945440131685E-303 -5.795021630767258E-301
  0.000000000000000E+000  1.437565609055471E-302  2.162731515698406E-300
  0.000000000000000E+000 -5.365067892208716E-302 -8.071423899716899E-300
  0.000000000000000E+000  2.002270595977939E-301  3.012296408316919E-299
  0.000000000000000E+000 -7.472575594690888E-301 -1.124204324329599E-298
  0.000000000000000E+000  2.788803178278561E-300  4.195587656486703E-298
  0.000000000000000E+000 -1.040795515364516E-299 -1.565814630161722E-297
  0.000000000000000E+000  3.884301743630206E-299  5.843699754998216E-297
  0.000000000000000E+000 -1.449641145915631E-298 -2.180898438983114E-296
  0.000000000000000E+000  5.410134409299503E-298  8.139223780432636E-296
  0.000000000000000E+000 -2.019089649128239E-297 -3.037599668274743E-295
  0.000000000000000E+000  7.535345155583004E-297  1.133647629505571E-294
  0.000000000000000E+000 -2.812229097320379E-296 -4.230830551194810E-294
  0.000000000000000E+000  1.049538187372321E-295  1.578967457527367E-293
  0.000000000000000E+000 -3.916929839757246E-295 -5.892786774989987E-293
  0.000000000000000E+000  1.461818117165667E-294  2.199217964243258E-292
  0.000000000000000E+000 -5.455579484686941E-294 -8.207593179474034E-292
  0.000000000000000E+000  2.036049982158210E-293  3.063115475365288E-291
  0.000000000000000E+000 -7.598641980164147E-293 -1.143170258351375E-290
  0.000000000000000E+000  2.835851793849838E-292  4.266369485868971E-290
  0.000000000000000E+000 -1.058354297738294E-291 -1.592230768512451E-289
  0.000000000000000E+000  3.949832011568192E-291  5.942286125462907E-289
  0.000000000000000E+000 -1.474097374853447E-290 -2.217691373333918E-288
  0.000000000000000E+000  5.501406298256971E-290  8.276536880789381E-288
  0.000000000000000E+000 -2.053152781817444E-289 -3.088845614982361E-287
  0.000000000000000E+000  7.662470497444075E-289  1.152772877185051E-286
  0.000000000000000E+000 -2.859672920795887E-288 -4.302206947241966E-286
  0.000000000000000E+000  1.067244463343914E-287  1.605605491178281E-285
  0.000000000000000E+000 -3.983010561296067E-287 -5.992201269988929E-285
  0.000000000000000E+000  1.486479778184036E-286  2.236319958877744E-284
  0.000000000000000E+000 -5.547618056606536E-286 -8.346059708512083E-284
  0.000000000000000E+000  2.070399244824211E-285  3.114791887517059E-283
  0.000000000000000E+000 -7.726835173636189E-285 -1.162456157921703E-282
  0.000000000000000E+000  2.883694144972056E-284  4.338345442935105E-282
  0.000000000000000E+000 -1.076209306252460E-283 -1.619092561381872E-281
  0.000000000000000E+000  4.016467810512635E-283  6.042535701233977E-281
  0.000000000000000E+000 -1.498966193579808E-282 -2.255105024355403E-280
  0.000000000000000E+000  5.594217993267968E-282  8.416166527298216E-280
  0.000000000000000E+000 -2.087790577949207E-281 -3.140956108483746E-279
  0.000000000000000E+000  7.791740512470590E-281  1.172220778120432E-278
  0.000000000000000E+000 -2.907917147193106E-280 -4.374787501633669E-278
  0.000000000000000E+000  1.085249453752537E-279  1.632692922841424E-277
  0.000000000000000E+000 -4.050206100290836E-279 -6.093292941202330E-277
  0.000000000000000E+000  1.511557494741081E-278  2.274047884196790E-276
  0.000000000000000E+000 -5.641209368935241E-278 -8.486862242666926E-276
  0.000000000000000E+000  2.105327998099987E-277  3.167340108647091E-275
  0.000000000000000E+000 -7.857191055506427E-277 -1.182067421032167E-274
  0.000000000000000E+000  2.932343622392573E-276  4.411535673263960E-274
  0.000000000000000E+000 -1.094365538401965E-275 -1.646407527202367E-273
  0.000000000000000E+000  4.084227791368602E-275  6.144476541483074E-273
  0.000000000000000E+000 -1.524254562707244E-274 -2.293149863872993E-272
  0.000000000000000E+000  5.688595471692119E-274  8.558151801343665E-272
  0.000000000000000E+000 -2.123012732406122E-273 -3.193945734150167E-271
  0.000000000000000E+000  7.923191382455278E-273  1.191996775646630E-270
  0.000000000000000E+000 -2.956975279741500E-272 -4.448592529171504E-270
  0.000000000000000E+000  1.103558198072047E-271  1.660237334103939E-269
  0.000000000000000E+000 -4.118535264314037E-271 -6.196090083498605E-269
  0.000000000000000E+000  1.537058285918411E-270  2.312412299989048E-268
  0.000000000000000E+000 -5.736379617242240E-270 -8.630040191606332E-268
  0.000000000000000E+000  2.140846018305054E-269  3.220774846643628E-267
  0.000000000000000E+000 -7.989746111495997E-269 -1.202009536741388E-266
  0.000000000000000E+000  2.981813842767893E-268  4.485960662301189E-266
  0.000000000000000E+000 -1.112828075992198E-267 -1.674183311246337E-265
  0.000000000000000E+000  4.153130919692001E-267  6.248137178755230E-265
  0.000000000000000E+000 -1.549969560277580E-266 -2.331836540377458E-264
  0.000000000000000E+000  5.784565149141125E-266  8.702532443634312E-264
  0.000000000000000E+000 -2.158829103628692E-265 -3.247829323415979E-263
  0.000000000000000E+000  8.056859899601232E-265  1.212106404929962E-262
  0.000000000000000E+000 -3.006861049477408E-264 -4.523642687378574E-262
  0.000000000000000E+000  1.122175820794951E-263  1.688246434458434E-261
  0.000000000000000E+000 -4.188017178232064E-263 -6.300621469095878E-261
  0.000000000000000E+000  1.562989289213330E-262  2.351423944192508E-260
  0.000000000000000E+000 -5.833155439030115E-262 -8.775633629860444E-260
  0.000000000000000E+000  2.176963246690714E-261  3.275111057524927E-259
  0.000000000000000E+000 -8.124537442859841E-261 -1.222288086711366E-258
  0.000000000000000E+000  3.032118652474865E-260  4.561641241092973E-258
  0.000000000000000E+000 -1.131602086561348E-259 -1.702427687766052E-257
  0.000000000000000E+000  4.223196480997905E-259  6.353546626954912E-257
  0.000000000000000E+000 -1.576118383743027E-258 -2.371175882005360E-256
  0.000000000000000E+000  5.882153886872320E-258  8.849348865325948E-256
  0.000000000000000E+000 -2.195249716374625E-257 -3.302621957929844E-255
  0.000000000000000E+000  8.192783476811267E-257  1.232555294518678E-254
  0.000000000000000E+000 -3.057588419087044E-256 -4.599958982281728E-254
  0.000000000000000E+000  1.141107532866705E-255  1.716728063460823E-253
  0.000000000000000E+000 -4.258671289558117E-255 -6.406916355615121E-253
  0.000000000000000E+000  1.589357762536576E-254  2.391093735899966E-252
  0.000000000000000E+000 -5.931563921190491E-254 -8.923683308038353E-252
  0.000000000000000E+000  2.213689792222540E-253  3.330363949625344E-251
  0.000000000000000E+000 -8.261602776771107E-253 -1.242908746769754E-250
  0.000000000000000E+000  3.083272131486190E-252  4.638598592116483E-250
  0.000000000000000E+000 -1.150692824826765E-251 -1.731148562169618E-249
  0.000000000000000E+000  4.294444086158441E-251  6.460734389466823E-249
  0.000000000000000E+000 -1.602708351980700E-250 -2.411178899569767E-248
  0.000000000000000E+000  5.981388999306955E-250  8.998642159332388E-248
  0.000000000000000E+000 -2.232284764524712E-249 -3.358338973775979E-247
  0.000000000000000E+000  8.331000158168152E-249  1.253349167917068E-246
  0.000000000000000E+000 -3.109171586814790E-248 -4.677562774290673E-246
  0.000000000000000E+000  1.160358633144235E-247  1.745690192924562E-245
  0.000000000000000E+000 -4.330517373895460E-247 -6.515004494269182E-245
  0.000000000000000E+000  1.616171086243760E-246  2.431432778415217E-244
  0.000000000000000E+000 -6.031632607585495E-246 -9.074230664233948E-244
  0.000000000000000E+000  2.251035934409822E-245  3.386548987852058E-243
  0.000000000000000E+000 -8.400980476880740E-245 -1.263877288498484E-242
  0.000000000000000E+000  3.135288597311313E-244  4.716854255208729E-242
  0.000000000000000E+000 -1.170105634155718E-243 -1.760353973233643E-241
  0.000000000000000E+000  4.366893676891740E-243  6.569730467413700E-241
  0.000000000000000E+000 -1.629746907341124E-242 -2.451856789642116E-240
  0.000000000000000E+000  6.082298261675324E-242  9.150454111827093E-240
  0.000000000000000E+000 -2.269944613936017E-241 -3.414995965766625E-239
  0.000000000000000E+000  8.471548629576537E-241  1.274493845188379E-238
  0.000000000000000E+000 -3.161624990437013E-240 -4.756475784176855E-238
  0.000000000000000E+000  1.179934509879040E-239  1.775140929151904E-237
  0.000000000000000E+000 -4.403575540472775E-239 -6.624916138189458E-237
  0.000000000000000E+000  1.643436765201088E-238  2.472452362360770E-236
  0.000000000000000E+000 -6.133389506757076E-238 -9.227317835624134E-236
  0.000000000000000E+000  2.289012126182722E-237  3.443681898013577E-235
  0.000000000000000E+000 -8.542709554055180E-237 -1.285199580849190E-234
  0.000000000000000E+000  3.188182609003800E-236  4.796430133595401E-234
  0.000000000000000E+000 -1.189845948060968E-235 -1.790052095353241E-233
  0.000000000000000E+000  4.440565531343493E-235  6.680565368053426E-233
  0.000000000000000E+000 -1.657241617731300E-234 -2.493220937686046E-232
  0.000000000000000E+000  6.184909917790852E-234  9.304827213938843E-232
  0.000000000000000E+000 -2.308239805343211E-233 -3.472608791806933E-231
  0.000000000000000E+000  8.614468229593756E-233  1.295995244583385E-230
  0.000000000000000E+000 -3.214963311303183E-232 -4.836720099152845E-230
  0.000000000000000E+000  1.199840642225335E-231  1.805088515202800E-229
  0.000000000000000E+000 -4.477866237771024E-231 -6.736682050895914E-229
  0.000000000000000E+000  1.671162430885876E-230  2.514163968838086E-228
  0.000000000000000E+000 -6.236863099766401E-230 -9.382987670262752E-228
  0.000000000000000E+000  2.327628996817973E-229  3.501778671221292E-227
  0.000000000000000E+000 -8.686829677295252E-229 -1.306881591785889E-226
  0.000000000000000E+000  3.241968971236305E-228  4.877348500021429E-226
  0.000000000000000E+000 -1.209919291721569E-227 -1.820251240829983E-225
  0.000000000000000E+000  4.515480269762646E-227  6.793270113317788E-225
  0.000000000000000E+000 -1.685200178732901E-226 -2.535282921244117E-224
  0.000000000000000E+000  6.289252687955341E-226  9.461804673644689E-224
  0.000000000000000E+000 -2.347181057308846E-225 -3.531193577333464E-223
  0.000000000000000E+000  8.759798960439851E-225  1.317859384196939E-222
  0.000000000000000E+000 -3.269201478445057E-224 -4.918318179054408E-222
  0.000000000000000E+000  1.220082601773624E-223  1.835541333202070E-221
  0.000000000000000E+000 -4.553410259250153E-223 -6.850333514902592E-221
  0.000000000000000E+000  1.699355843522637E-222  2.556579272640921E-220
  0.000000000000000E+000 -6.342082348165536E-222 -9.541283739073424E-220
  0.000000000000000E+000  2.366897354913950E-221  3.560855568365278E-219
  0.000000000000000E+000 -8.833381184839248E-221 -1.328929389955377E-218
  0.000000000000000E+000  3.296662738444305E-220  4.959632002984980E-218
  0.000000000000000E+000 -1.230331283529330E-219 -1.850959862198454E-217
  0.000000000000000E+000  4.591658860272888E-219  6.907876248495320E-217
  0.000000000000000E+000 -1.713630415756222E-218 -2.578054513178283E-216
  0.000000000000000E+000  6.395355776997829E-218  9.621430427863255E-216
  0.000000000000000E+000 -2.386779269223423E-217 -3.590766719827602E-215
  0.000000000000000E+000  8.907581499193913E-217  1.340092383652408E-214
  0.000000000000000E+000 -3.324354672755222E-216 -5.001292862626873E-214
  0.000000000000000E+000  1.240666054110150E-215  1.866507906685508E-213
  0.000000000000000E+000 -4.630228749165077E-215 -6.965902340479346E-213
  0.000000000000000E+000  1.728024894255017E-214  2.599710145523188E-212
  0.000000000000000E+000 -6.449076702103556E-214 -9.702250348044818E-212
  0.000000000000000E+000  2.406828191415921E-213  3.620929124665608E-211
  0.000000000000000E+000 -8.982405095453328E-213 -1.351349146385795E-210
  0.000000000000000E+000  3.352279219039740E-212  5.043303673076620E-210
  0.000000000000000E+000 -1.251087636661362E-211 -1.882186554592068E-209
  0.000000000000000E+000  4.669122624741477E-211  7.024415851060612E-209
  0.000000000000000E+000 -1.742540286230454E-210 -2.621547684965038E-208
  0.000000000000000E+000  6.503248882447671E-210  9.783749154754091E-208
  0.000000000000000E+000 -2.427045524356023E-209 -3.651344893405133E-207
  0.000000000000000E+000  9.057857209179326E-209  1.362700465814512E-206
  0.000000000000000E+000 -3.380438331236128E-208 -5.085667373917537E-206
  0.000000000000000E+000  1.261596760402658E-207  1.897996902985564E-205
  0.000000000000000E+000 -4.708343208487020E-207 -7.083420874550501E-205
  0.000000000000000E+000  1.757177607354542E-206  2.643568659521644E-204
  0.000000000000000E+000 -6.557876108569467E-206 -9.865932550631527E-204
  0.000000000000000E+000  2.447432682692332E-205  3.682016154300447E-203
  0.000000000000000E+000 -9.133943119912385E-205 -1.374147136213863E-202
  0.000000000000000E+000  3.408833979695722E-204  5.128386929425409E-202
  0.000000000000000E+000 -1.272194160679165E-203 -1.913940058148778E-201
  0.000000000000000E+000  4.747893244747087E-203  7.142921539652569E-201
  0.000000000000000E+000 -1.771937881830981E-202 -2.665774610046055E-200
  0.000000000000000E+000  6.612962202848979E-202  9.948806286219317E-200
  0.000000000000000E+000 -2.467991092956494E-201 -3.712945053483121E-199
  0.000000000000000E+000  9.210668151541079E-201  1.385689958531055E-198
  0.000000000000000E+000 -3.437468151320781E-200 -5.171465328775909E-198
  0.000000000000000E+000  1.282880579012902E-199  1.930017135657258E-197
  0.000000000000000E+000 -4.787775500919529E-199 -7.202922009751442E-197
  0.000000000000000E+000  1.786822142466522E-198  2.688167090334851E-196
  0.000000000000000E+000 -6.668511019774135E-198 -1.003237616036426E-195
  0.000000000000000E+000  2.488722193663002E-197  3.744133755112220E-195
  0.000000000000000E+000 -9.288037672674590E-197 -1.397329740441245E-194
  0.000000000000000E+000  3.466342849703536E-196  5.214905586253758E-194
  0.000000000000000E+000 -1.293656763154669E-195 -1.946229260457379E-193
  0.000000000000000E+000  4.827992767648322E-195  7.263426483204140E-193
  0.000000000000000E+000 -1.801831430743926E-194 -2.710747667235821E-192
  0.000000000000000E+000  6.724526446210631E-194  1.011664802062323E-191
  0.000000000000000E+000 -2.509627435409860E-193 -3.775584441525710E-191
  0.000000000000000E+000  9.366057097018377E-193  1.409067296404052E-190
  0.000000000000000E+000 -3.495460095266366E-192 -5.258710741463637E-190
  0.000000000000000E+000  1.304523467136362E-191  1.962577566945049E-189
  0.000000000000000E+000 -4.868547859018812E-191 -7.324439193633834E-189
  0.000000000000000E+000  1.816966796893888E-190  2.733517920759029E-188
  0.000000000000000E+000 -6.781012401673675E-190 -1.020162776367273E-187
  0.000000000000000E+000  2.530708280980081E-189  3.807299313393190E-187
  0.000000000000000E+000 -9.444731883752956E-189 -1.420903447720549E-186
  0.000000000000000E+000  3.524821925403176E-188  5.302883859542876E-186
  0.000000000000000E+000 -1.315481451323740E-187 -1.979063199045096E-185
  0.000000000000000E+000  4.909443612754645E-187  7.385964410226096E-185
  0.000000000000000E+000 -1.832229299969484E-186 -2.756479444185929E-184
  0.000000000000000E+000  6.837972838602470E-186  1.028732133572111E-183
  0.000000000000000E+000 -2.551966205444040E-185 -3.839280589869850E-183
  0.000000000000000E+000  9.524067537915914E-185  1.432839022590729E-182
  0.000000000000000E+000 -3.554430394622088E-184 -5.347428031375740E-182
  0.000000000000000E+000  1.326531482469628E-183  1.995687310291294E-181
  0.000000000000000E+000 -4.950682890416308E-183 -7.448006438027602E-181
  0.000000000000000E+000  1.847620007919560E-182  2.779633844181912E-180
  0.000000000000000E+000 -6.895411742636608E-182 -1.037373473292489E-179
  0.000000000000000E+000  2.573402696262687E-181  3.871530508751764E-179
  0.000000000000000E+000 -9.604069610787090E-181 -1.444874856171457E-178
  0.000000000000000E+000  3.584287574688567E-180  5.392346373810651E-178
  0.000000000000000E+000 -1.337674333767556E-179 -2.012451063907115E-177
  0.000000000000000E+000  4.992268577601368E-179  7.510569618247393E-177
  0.000000000000000E+000 -1.863139997663791E-178 -2.802982740908246E-176
  0.000000000000000E+000  6.953333132895028E-178  1.046087400180824E-175
  0.000000000000000E+000 -2.595019253391633E-177 -3.904051326632473E-175
  0.000000000000000E+000  9.684743700277024E-177  1.457011790634907E-174
  0.000000000000000E+000 -3.614395554771648E-176 -5.437642029876380E-174
  0.000000000000000E+000  1.348910784905889E-175  2.029355632887061E-173
  0.000000000000000E+000 -5.034203584146389E-175 -7.573658328560607E-173
  0.000000000000000E+000  1.878790355167967E-174  2.826527768135537E-172
  0.000000000000000E+000 -7.011741062257231E-174 -1.054874523968609E-171
  0.000000000000000E+000  2.616817389386189E-173  3.936845319060740E-171
  0.000000000000000E+000 -9.766095451318681E-173 -1.469250675227488E-170
  0.000000000000000E+000  3.644756441588855E-172  5.483318169003877E-170
  0.000000000000000E+000 -1.360241622122355E-171 -2.046402200078802E-169
  0.000000000000000E+000  5.076490844330535E-171  7.637276983414821E-169
  0.000000000000000E+000 -1.894572175519979E-170 -2.850270573358048E-168
  0.000000000000000E+000  7.070639617646861E-170  1.063735459509071E-167
  0.000000000000000E+000 -2.638798629506747E-169 -3.969914780700480E-167
  0.000000000000000E+000  9.848130556262305E-169  1.481592366329285E-166
  0.000000000000000E+000 -3.675372359554245E-168 -5.529377987247093E-166
  0.000000000000000E+000  1.371667638259076E-167  2.063591958265909E-165
  0.000000000000000E+000 -5.119133317080878E-167 -7.701430034338926E-165
  0.000000000000000E+000  1.910486563006443E-166  2.874212817908979E-164
  0.000000000000000E+000 -7.130032920317686E-166 -1.072670826820203E-163
  0.000000000000000E+000  2.660964511826430E-165  4.003262025489913E-163
  0.000000000000000E+000 -9.930854755273955E-165 -1.494037727513945E-162
  0.000000000000000E+000  3.706245450926939E-164  5.575824707506788E-162
  0.000000000000000E+000 -1.383189632818036E-163 -2.080926110251321E-161
  0.000000000000000E+000  5.162133986179635E-163  7.766121970254327E-161
  0.000000000000000E+000 -1.926534631189981E-162 -2.898356177076702E-160
  0.000000000000000E+000  7.189925126141962E-162  1.081681251128138E-159
  0.000000000000000E+000 -2.683316587337787E-161 -4.036889386804881E-159
  0.000000000000000E+000  1.001427383673695E-160  1.506587629609139E-158
  0.000000000000000E+000 -3.737377875961002E-160 -5.622661579756067E-158
  0.000000000000000E+000  1.394808412017032E-159  2.098405868941513E-157
  0.000000000000000E+000 -5.205495860472026E-159 -7.831357317790446E-157
  0.000000000000000E+000  1.942717502987108E-158  2.922702340222027E-156
  0.000000000000000E+000 -7.250320425901226E-158 -1.090767362910907E-155
  0.000000000000000E+000  2.705856420061781E-157  4.070799217621424E-155
  0.000000000000000E+000 -1.009839363765700E-156 -1.519242950757479E-154
  0.000000000000000E+000  3.768771813056622E-156  5.669891881267774E-154
  0.000000000000000E+000 -1.406524788846079E-155 -2.116032457431361E-153
  0.000000000000000E+000  5.249221974078654E-155  7.897140641598669E-153
  0.000000000000000E+000 -1.959036310746854E-154 -2.947253010896332E-152
  0.000000000000000E+000  7.311223045579549E-154  1.099929797942546E-151
  0.000000000000000E+000 -2.728585587157134E-153 -4.104993890680551E-151
  0.000000000000000E+000  1.018322004407095E-152  1.532004576477911E-150
  0.000000000000000E+000 -3.800429458912529E-152 -5.717518916843794E-150
  0.000000000000000E+000  1.418339583124303E-151  2.133807109089726E-149
  0.000000000000000E+000 -5.293315386605957E-151 -7.963476544674528E-149
  0.000000000000000E+000  1.975492196329953E-150  2.972009906960838E-148
  0.000000000000000E+000 -7.372637246659217E-150 -1.109169197337590E-147
  0.000000000000000E+000  2.751505679030691E-149  4.139475798654277E-147
  0.000000000000000E+000 -1.026875899145684E-148 -1.544873399727952E-146
  0.000000000000000E+000  3.832353028679667E-148  5.765546019046380E-146
  0.000000000000000E+000 -1.430253621557299E-147 -2.151731067645757E-145
  0.000000000000000E+000  5.337779183361230E-147  8.030369668678389E-145
  0.000000000000000E+000 -1.992086311188761E-146 -2.996974760706780E-144
  0.000000000000000E+000  7.434567326418927E-146  1.118486207595928E-143
  0.000000000000000E+000 -2.774618299448694E-145 -4.174247354313035E-143
  0.000000000000000E+000  1.035501646515288E-144  1.557850320965621E-142
  0.000000000000000E+000 -3.864544756116284E-144 -5.813976548431182E-142
  0.000000000000000E+000  1.442267737794985E-143  2.169805587275911E-141
  0.000000000000000E+000 -5.382616475568311E-143 -8.097824694260526E-141
  0.000000000000000E+000  2.008819816447826E-142  3.022149318976619E-140
  0.000000000000000E+000 -7.497017618234739E-142 -1.127881480648002E-139
  0.000000000000000E+000  2.797925065649013E-141  4.209310990694497E-139
  0.000000000000000E+000 -1.044199850077258E-140 -1.570936248212998E-138
  0.000000000000000E+000  3.897006893744130E-140  5.862813893782544E-138
  0.000000000000000E+000 -1.454382772489927E-139 -2.188031932691718E-137
  0.000000000000000E+000  5.427830400585293E-139  8.165846341388617E-137
  0.000000000000000E+000 -2.025693882985125E-138 -3.047535343286275E-136
  0.000000000000000E+000  7.559992491881970E-138  1.137355673900624E-135
  0.000000000000000E+000 -2.821427608454275E-137 -4.244669161273868E-135
  0.000000000000000E+000  1.052971118462891E-136  1.584132097119485E-134
  0.000000000000000E+000 -3.929741713006134E-136 -5.912061472350553E-134
  0.000000000000000E+000  1.466599573356165E-135  2.206411379228273E-133
  0.000000000000000E+000 -5.473424122124046E-135 -8.234439369678037E-133
  0.000000000000000E+000  2.042709691514002E-134  3.073134609948388E-132
  0.000000000000000E+000 -7.623496353843604E-134 -1.146909450282575E-131
  0.000000000000000E+000  2.845127572386041E-133  4.280324340135460E-131
  0.000000000000000E+000 -1.061816065415980E-132 -1.597438791025927E-130
  0.000000000000000E+000  3.962751504425318E-132  5.961722730090160E-130
  0.000000000000000E+000 -1.478918995228582E-131 -2.224945212933392E-129
  0.000000000000000E+000  5.519400830471599E-131  8.303608578724848E-129
  0.000000000000000E+000 -2.059868432665781E-130 -3.098948910196600E-128
  0.000000000000000E+000  7.687533647615965E-130  1.156543478291392E-127
  0.000000000000000E+000 -2.869026615779808E-129 -4.316279022145906E-127
  0.000000000000000E+000  1.070735309835763E-128  1.610857261029223E-126
  0.000000000000000E+000 -3.996038577765074E-128 -6.011801141902303E-126
  0.000000000000000E+000  1.491341900122453E-127  2.243634730657999E-125
  0.000000000000000E+000 -5.565763742713305E-127 -8.373358808441765E-125
  0.000000000000000E+000  2.077171307073077E-126  3.124980050310906E-124
  0.000000000000000E+000 -7.752108854020979E-126 -1.166258432039945E-123
  0.000000000000000E+000  2.893126410901083E-125  4.352535723128690E-123
  0.000000000000000E+000 -1.079729475820224E-124 -1.624388446047481E-122
  0.000000000000000E+000  4.029605262190785E-124  6.062300211877056E-122
  0.000000000000000E+000 -1.503869157294293E-123 -2.262481240146074E-121
  0.000000000000000E+000  5.612516102958090E-123  8.443694939396593E-121
  0.000000000000000E+000 -2.094619525453807E-122 -3.151229851744030E-120
  0.000000000000000E+000  7.817226491519417E-122  1.176054991303646E-119
  0.000000000000000E+000 -2.917428644062491E-121 -4.389096980040024E-119
  0.000000000000000E+000  1.088799192709763E-120  1.638033292885704E-118
  0.000000000000000E+000 -4.063453906432805E-120 -6.113223473538811E-118
  0.000000000000000E+000  1.516501643302146E-119  2.281486060126954E-117
  0.000000000000000E+000 -5.659661182565299E-119 -8.514621893153937E-117
  0.000000000000000E+000  2.112214308695906E-118  3.177700151248879E-116
  0.000000000000000E+000 -7.882891116527094E-118 -1.185933841568012E-115
  0.000000000000000E+000  2.941935015741247E-117  4.425965351147161E-115
  0.000000000000000E+000 -1.097945095131228E-116 -1.651792756302063E-114
  0.000000000000000E+000  4.097586878950787E-116  6.164574490093538E-114
  0.000000000000000E+000 -1.529240242067192E-115 -2.300650520407209E-113
  0.000000000000000E+000  5.707202280373691E-115  8.586144632619483E-113
  0.000000000000000E+000 -2.129956887942757E-114 -3.204392801007072E-112
  0.000000000000000E+000  7.949107323733657E-114  1.195895674076634E-111
  0.000000000000000E+000 -2.966647240699188E-113 -4.463143416205829E-111
  0.000000000000000E+000  1.107167823042338E-112  1.665667799074668E-110
  0.000000000000000E+000 -4.132006568099436E-112 -6.216356854678090E-110
  0.000000000000000E+000  1.542085844935540E-111  2.319975961963769E-109
  0.000000000000000E+000 -5.755142722932422E-111 -8.658268162386958E-109
  0.000000000000000E+000  2.147848504679338E-110  3.231309668758522E-108
  0.000000000000000E+000 -8.015879746424113E-110 -1.205941185879539E-107
  0.000000000000000E+000  2.991567048101711E-109  4.500633776642305E-107
  0.000000000000000E+000 -1.116468021776444E-108 -1.679659392068968E-106
  0.000000000000000E+000  4.166715382295602E-108  6.268574190611642E-106
  0.000000000000000E+000 -1.555039350740597E-107 -2.339463737037760E-105
  0.000000000000000E+000  5.803485864732829E-107  8.730997529089877E-105
  0.000000000000000E+000 -2.165890410819071E-106 -3.258452637932175E-104
  0.000000000000000E+000  8.083213056803004E-106  1.216071079881971E-103
  0.000000000000000E+000 -3.016696181639295E-105 -4.538439055734668E-103
  0.000000000000000E+000  1.125846342087688E-104  1.693768514305670E-102
  0.000000000000000E+000 -4.201715750186822E-104 -6.321230151649215E-102
  0.000000000000000E+000  1.568101665865960E-103  2.359115209229119E-101
  0.000000000000000E+000 -5.852235088445158E-103 -8.804337821751554E-101
  0.000000000000000E+000  2.184083868791467E-102  3.285823607777710E-100
  0.000000000000000E+000 -8.151111966321353E-102 -1.226286064893568E-099
  0.000000000000000E+000  3.042036399649395E-101  4.576561898796503E-099
  0.000000000000000E+000 -1.135303440196545E-100 -1.707996153029244E-098
  0.000000000000000E+000  4.237010120821390E-100  6.374328422237100E-098
  0.000000000000000E+000 -1.581273704308845E-099 -2.378931753592001E-097
  0.000000000000000E+000  5.901393805153242E-099  8.878294172144292E-097
  0.000000000000000E+000 -2.202430151630412E-098 -3.313424493498517E-096
  0.000000000000000E+000  8.219581226006326E-098  1.236586855677964E-095
  0.000000000000000E+000 -3.067589475239488E-097 -4.615004973362005E-095
  0.000000000000000E+000  1.144839977835733E-096  1.722343303777005E-094
  0.000000000000000E+000 -4.272600963818981E-096 -6.427872717771822E-094
  0.000000000000000E+000  1.594556387744019E-095  2.398914756731028E-093
  0.000000000000000E+000 -5.950965454594179E-095 -8.952871755146932E-093
  0.000000000000000E+000  2.220930543063270E-094  3.341257226385670E-092
  0.000000000000000E+000 -8.288625626793663E-094 -1.246974173002799E-091
  0.000000000000000E+000  3.093357196411139E-093  4.653770969372629E-091
  0.000000000000000E+000 -1.154456622296519E-092 -1.736810970448772E-090
  0.000000000000000E+000  4.308490769544960E-092  6.481866784857824E-090
  0.000000000000000E+000 -1.607950645588332E-091 -2.419065616898252E-089
  0.000000000000000E+000  6.000953505398836E-091  9.028075789107228E-089
  0.000000000000000E+000 -2.239586337600700E-090 -3.369323753953066E-088
  0.000000000000000E+000  8.358249999863215E-090  1.257448743690109E-087
  0.000000000000000E+000 -3.119341366185105E-089 -4.692862599365297E-087
  0.000000000000000E+000  1.164154046475410E-088  1.751400165377108E-086
  0.000000000000000E+000 -4.344682049283129E-088 -6.536314401571903E-086
  0.000000000000000E+000  1.621457415065711E-087  2.439385744091050E-085
  0.000000000000000E+000 -6.051361455334531E-087 -9.103911536207012E-085
  0.000000000000000E+000  2.258398840627241E-086  3.397626040073700E-084
  0.000000000000000E+000 -8.428459216975512E-086 -1.268011300667410E-083
  0.000000000000000E+000  3.145543802727481E-085  4.732282598662270E-083
  0.000000000000000E+000 -1.173932928921237E-084 -1.766111909398167E-082
  0.000000000000000E+000  4.381177335412199E-084  6.591219377726440E-082
  0.000000000000000E+000 -1.635077641272757E-083 -2.459876560150759E-081
  0.000000000000000E+000  6.102192831549807E-083  9.180384302830394E-081
  0.000000000000000E+000 -2.277369368492647E-082 -3.426166065117082E-080
  0.000000000000000E+000  8.499258190815608E-082  1.278662583018529E-079
  0.000000000000000E+000 -3.171966339476979E-081 -4.772033725562407E-079
  0.000000000000000E+000  1.183793953882635E-080  1.780947231923110E-078
  0.000000000000000E+000 -4.417979181582845E-080 -6.646585555136200E-078
  0.000000000000000E+000  1.648812277244933E-079  2.480539498862080E-077
  0.000000000000000E+000 -6.153451190821226E-079 -9.257499439935032E-077
  0.000000000000000E+000  2.296499248603998E-078  3.454945826087805E-076
  0.000000000000000E+000 -8.570651875333869E-078 -1.289403336035772E-075
  0.000000000000000E+000  3.198610825273148E-077  4.812118761534306E-075
  0.000000000000000E+000 -1.193737811355920E-076 -1.795907171010146E-074
  0.000000000000000E+000  4.455090162896367E-076  6.702416807887152E-074
  0.000000000000000E+000 -1.662662284022955E-075 -2.501376006053846E-073
  0.000000000000000E+000  6.205140119802183E-075  9.335262343426670E-073
  0.000000000000000E+000 -2.315789819518578E-074 -3.483967336765283E-072
  0.000000000000000E+000  8.642645266094093E-074  1.300234311271847E-071
  0.000000000000000E+000 -3.225479124485779E-073 -4.852540511410858E-071
  0.000000000000000E+000  1.203765197133371E-072  1.810992773437159E-070
  0.000000000000000E+000 -4.492512876084906E-072 -6.758717042607549E-070
  0.000000000000000E+000  1.676628630720625E-071  2.522387539699304E-069
  0.000000000000000E+000 -6.257263235274011E-071 -9.413678454536461E-069
  0.000000000000000E+000  2.335242431037542E-070  3.513232627844654E-068
  0.000000000000000E+000 -8.715243400622766E-070 -1.311156266592497E-067
  0.000000000000000E+000  3.252573117145468E-069  4.893301803585348E-067
  0.000000000000000E+000 -1.213876812851916E-068 -1.826205094774955E-066
  0.000000000000000E+000  4.530249939693119E-068  6.815490198741283E-066
  0.000000000000000E+000 -1.690712294592056E-067 -2.543575570019018E-065
  0.000000000000000E+000  6.309824184398913E-067  9.492753260201944E-065
  0.000000000000000E+000 -2.354858444300359E-066 -3.542743747078876E-064
  0.000000000000000E+000  8.788451358761545E-066  1.322169966229531E-063
  0.000000000000000E+000 -3.279894699074582E-065 -4.934405490210236E-063
  0.000000000000000E+000  1.224073366042218E-064  1.841545199461142E-062
  0.000000000000000E+000 -4.568303994261412E-064 -6.872740248823543E-062
  0.000000000000000E+000  1.704914261100343E-063  2.564941579583303E-061
  0.000000000000000E+000 -6.362826644975232E-063 -9.572492293450858E-061
  0.000000000000000E+000  2.374639231880059E-062  3.572502759422013E-060
  0.000000000000000E+000 -8.862274263022711E-062 -1.333276180834297E-059
  0.000000000000000E+000  3.307445782021078E-061  4.975854447394987E-059
  0.000000000000000E+000 -1.234355570178204E-060 -1.857014160874565E-058
  0.000000000000000E+000  4.606677702510709E-060  6.930471198758761E-058
  0.000000000000000E+000 -1.719235523986464E-059 -2.586487063416048E-057
  0.000000000000000E+000  6.416274325694783E-059  9.652901133788316E-057
  0.000000000000000E+000 -2.394586177879352E-058 -3.602511747173593E-056
  0.000000000000000E+000  8.936717278947609E-058  1.344475687531602E-055
  0.000000000000000E+000 -3.335228293791110E-057 -5.017651575409048E-055
  0.000000000000000E+000  1.244724144726968E-056  1.872613061410459E-054
  0.000000000000000E+000 -4.645373749528761E-056 -6.988687088100932E-054
  0.000000000000000E+000  1.733677085338807E-055  2.608213529099327E-053
  0.000000000000000E+000 -6.470170966402354E-055 -9.733985407587215E-053
  0.000000000000000E+000  2.414700678027061E-054  3.632772810124953E-052
  0.000000000000000E+000 -9.011785615468011E-054 -1.355769269974109E-051
  0.000000000000000E+000  3.363244178384497E-053  5.059799798883943E-051
  0.000000000000000E+000 -1.255179815199119E-052 -1.888342992556166E-050
  0.000000000000000E+000  4.684394842958028E-052  7.047391990336271E-050
  0.000000000000000E+000 -1.748239955663299E-051 -2.630122496878892E-049
  0.000000000000000E+000  6.524520338357395E-051  9.815750788481941E-049
  0.000000000000000E+000 -2.434984139776627E-050 -3.663288065704887E-048
  0.000000000000000E+000  9.087484525270773E-050  1.367157718397136E-047
  0.000000000000000E+000 -3.391495396130646E-049 -5.102302067018054E-047
  0.000000000000000E+000  1.265723313199551E-048  1.904205054967508E-046
  0.000000000000000E+000 -4.723743713185308E-048 -7.106590013167973E-046
  0.000000000000000E+000  1.762925153954104E-047  2.652215499770533E-045
  0.000000000000000E+000 -6.579326244497889E-047 -9.898202997765336E-045
  0.000000000000000E+000  2.455437982403745E-046  3.694059649129081E-044
  0.000000000000000E+000 -9.163819305165192E-046 -1.378641829673979E-043
  0.000000000000000E+000  3.419983923825702E-045  5.145161353783009E-043
  0.000000000000000E+000 -1.276355376478630E-044 -1.920200358545806E-042
  0.000000000000000E+000  4.763423113531947E-044  7.166285298804923E-042
  0.000000000000000E+000 -1.777733707764916E-043 -2.674494083667389E-041
  0.000000000000000E+000  6.634592519706469E-043  9.981347804789064E-041
  0.000000000000000E+000 -2.476063637106097E-042 -3.725089713548887E-040
  0.000000000000000E+000  9.240795296453739E-042  1.390222407371664E-039
  1.620535318359289E-320 -3.448711754870886E-041 -5.188380658131768E-039
  9.233207752172686E-310  1.287076748983817E-040  1.936330022515541E-038
  2.812744388008573E-299 -4.803435820448179E-040 -7.226482024248986E-038
  4.461930081320403E-289  1.792666653280890E-039  2.696959807448041E-037
  3.745928030859639E-279 -6.690323031078742E-039 -1.006519102736726E-036
  1.690869874527411E-269  2.496862547103408E-038  3.756380430202101E-036
  4.167628198034919E-260 -9.318417885306087E-038 -1.401900261807118E-035
  5.694519660862627E-251  3.477680899411971E-037  5.231963004208448E-035
  4.377504248429139E-242 -1.297888180911728E-036 -1.952595175502667E-034
  1.920716655480799E-233  4.843784633705713E-036  7.287184401589825E-034
  4.878543758761600E-225 -1.807725035391112E-035 -2.719614243085663E-033
  7.272610277761849E-217  6.746521678193881E-035  1.014973853218367E-032
  6.449258228585371E-209 -2.517836167738441E-034 -3.787933988564902E-032
  3.447154281863581E-201  9.396692503134375E-034  1.413676210104124E-031
  1.124926732705438E-193 -3.506893384479906E-033 -5.275911441560007E-031
  2.269619563270388E-186  1.308790428760619E-032  1.968996955613591E-030
  2.865988136956061E-179 -4.884472376594485E-032 -7.348396678298361E-030
  2.292411026899319E-172  1.822909907761732E-031  2.742458975757986E-029
  1.175144768456453E-165 -6.803192393387480E-031 -1.023499623520211E-028
  3.905146369722732E-159  2.538985966578819E-030  3.819752596505044E-028
  8.507096897551795E-153 -9.475624626976528E-030 -1.425551076249997E-027
  1.228179483038831E-146  3.536351254132729E-029  5.320229045349483E-027
  1.187699523520119E-140 -1.319784255383326E-028 -1.985536510514793E-026
  7.773837425678681E-135  4.925501896120033E-028  7.410123137524226E-026
  3.479064947187230E-129 -1.838222332909680E-027 -2.765495603958211E-025
  1.075222618710809E-123  6.860339142026962E-027  1.032097010208005E-024
  2.317139893356982E-118 -2.560313423519726E-026 -3.851838480436337E-024
  3.515071579342115E-113  9.555219779876205E-026  1.437525691153734E-023
  3.788411198447463E-108 -3.566056569598509E-025 -5.364918916571304E-023
  2.927109718308260E-103  1.330870430040642E-024  2.002214997513148E-022
  1.635704150341971E-098 -4.966876063202716E-024 -7.472368098395462E-022
  6.667887018799287E-094  1.853663382277023E-023  2.788725739606870E-021
  1.999558615183131E-089 -6.917965922787818E-023 -1.040766614858793E-020
  4.447336623989815E-085  2.581820030887426E-022  3.884193885474487E-020
  7.395336697996671E-081 -9.635483531270919E-022 -1.449600892703915E-019
  9.266089626395479E-077  3.596011409419626E-021  5.409984182268213E-019
  8.815001273985913E-073 -1.342049728455141E-020 -2.019033583636894E-018
  6.414491810094547E-069  5.008597772878602E-020  7.535135916320754E-018
  3.596370307386743E-065 -1.869234136305927E-019 -2.812151008164612E-017
  1.564589354925444E-061  6.976076767935847E-019  1.049509044102637E-016
  5.318223304144053E-058 -2.603507293543747E-018 -3.916821075594089E-016
  1.421954835575794E-054  9.716421497381401E-018  1.461777525827372E-015
  3.010292572753829E-051 -3.626217869598185E-017 -5.455427995750079E-015
  5.078261077263388E-048  1.353322932865509E-016  2.035993445717221E-014
  6.869333625340806E-045 -5.050669944502034E-016 -7.598430983294150E-014
  7.496316678141467E-042  1.884935684514264E-015  2.835773048745938E-013
  6.638738249229973E-039 -7.034675743606850E-015 -1.058324909665434E-012
  4.798722972455961E-036  2.625376728991313E-014  3.949722333787141E-012
  2.847000809111974E-033 -9.798039341604567E-014 -1.474056442548313E-011
  1.393787491475207E-030  3.656678063742698E-013  5.501253536814539E-011
  5.659140400659314E-028 -1.364690832080960E-012 -2.053095770470921E-010
  1.914467452285741E-025  5.093095521974511E-012  7.662257728223767E-010
  5.416606534203747E-023 -1.900769124875997E-011 -2.859593513633760E-009
  1.284479556666128E-020  7.093767114656753E-011  1.067214842584959E-008
  2.549610782708973E-018 -2.647426611599992E-010 -3.982897162668807E-008
  4.200892788119464E-016  9.880877045566110E-010  1.486484345449999E-007
  5.634208023991467E-014 -3.680267772886867E-009 -5.541366392283062E-007
  5.927992354660123E-012  1.450527696477222E-008  2.133712985222325E-006
  4.643781254571343E-010  6.154876418216845E-009 -2.859019561032503E-006
  2.562741410998533E-008  3.299056229076710E-006  2.888767969433008E-004
  9.507508427716601E-007  1.106088705542344E-004  9.031935246152416E-003
  2.300957626148109E-005  2.548806108581731E-003  0.202747186007250     
  3.595259862348557E-004  3.641234051850153E-002   2.73860204038657     
  3.656536466719916E-003  0.325208035329368        22.3458732903685     
  2.476900849619330E-002   1.84302658622071        109.490170946132     
  0.115532606921248        6.87883363641417        327.914471819572     
  0.385954037265372        17.6998383502793        611.986055356570     
  0.962882547354881        32.7216339738820        692.790534165250     
   1.87038608212950        44.8178195076496        357.870791713395     
   2.94339787029590        46.0451508189569       -251.266148519828     
   3.89185136712838        34.3749428067226       -762.395239955468     
   4.46649869812228        14.8973634263360       -929.405809191429     
   4.57680277160282       -4.72321191152617       -774.815711008693     
   4.28962852977003       -19.0486372188364       -469.474921367715     
   3.75285518603947       -26.4330061494299       -171.923214411210     
   3.11728950090385       -27.9614495303644        39.1643091629361     
   2.49392921848346       -25.7445759793996        153.390880889321     
   1.94534280106817       -21.7512419990466        193.465701523491     
   1.49535563638990       -17.3529549676945        188.564655985076     
   1.14344013245940       -13.3155093302603        162.123416279336     
  0.876908462631446       -9.96146618485185        129.205069743925     
  0.679025700170367       -7.34641350814001        97.9355197325325     
  0.533521206782082       -5.39223689397190        71.8021043069862     
  0.426608675847566       -3.97163515652189        51.5897948043564     
  0.347521567232733       -2.95480760762350        36.7307239024000     
  0.288287139601760       -2.23081838896443        26.1541806218164     
  0.243200499787590       -1.71373801782360        18.7588497555734     
  0.208259073142527       -1.34095383793067        13.6207726980922     
  0.180677117158345       -1.06851465019576        10.0429944794036     
  0.158514028030482      -0.866187139542765        7.53094980335702     
  0.140407976046245      -0.713336524423210        5.74548593703111     
  0.125392115719774      -0.595865886751590        4.45788400825711     
  0.112770214078072      -0.504078183050442        3.51469463653879     
  0.102033082268161      -0.431231180235318        2.81271563262103     
  9.280235964614234E-002 -0.372575794578608        2.28202643230222     
  8.479245035294719E-002 -0.324719033041044        1.87475905920260     
  7.778449395050734E-002 -0.285200933730752        1.55773943395031     
  7.160835127331570E-002 -0.252211675780865        1.30767110399341     
  6.612997317848572E-002 -0.224400581300537        1.10796986970594     
  6.124242255031542E-002 -0.200745692277426       0.946667684848252     
  5.685940512538717E-002 -0.180463614460547       0.815011210632330     
  5.291054485909126E-002 -0.162946401437829       0.706514580185725     
  4.933788795327159E-002 -0.147716800805246       0.616311723078507     
  4.609328331506098E-002 -0.134396116420271       0.540708221635398     
  4.313639608405729E-002 -0.122680843023972       0.476867496364738     
  4.043318405657416E-002 -0.112325473979500       0.422588430452396     
  3.795471658802974E-002 -0.103129704692827       0.376145941159149     
  3.567624975610796E-002 -9.492880248982838E-002  0.336175373518927     
  3.357649534512152E-002 -8.758628325185358E-002  0.301587744145261     
  3.163703792886303E-002 -8.098828684600616E-002  0.271506941990146     
  2.984186621193352E-002 -7.503921671372549E-002  0.245222724190844     
  2.817699332722573E-002 -6.965832958815921E-002  0.222155193084695     
  2.663014698595977E-002 -6.477704611253494E-002  0.201827702529135     
  2.519051492278200E-002 -6.033681337364407E-002  0.183846012844159     
  2.384853444502344E-002 -5.628739358934917E-002  0.167882120601668     
  2.259571741154372E-002 -5.258548450508348E-002  0.153661616959156     
  2.142450386418658E-002 -4.919359995697239E-002  0.140953731540356     
  2.032813897796535E-002 -4.607915596280036E-002  0.129563436632772     
  1.930056910239226E-002 -4.321372028275937E-002  0.119325144185328     
  1.833635352098006E-002 -4.057239283731970E-002  0.110097642705484     
  1.743058922085130E-002 -3.813329151496334E-002  0.101760006314975     
  1.657884648533777E-002 -3.587712334850521E-002  9.420827067273442E-002
  1.577711353320973E-002 -3.378682522219278E-002  8.735271768530513E-002
  1.502174875407547E-002 -3.184726150411057E-002  8.111564632726760E-002
  1.430943934959313E-002 -3.004496851432987E-002  7.542953371966768E-002
  1.363716539886883E-002 -2.836793770895774E-002  7.023551123128637E-002
  1.300216853482845E-002 -2.680543101146732E-002  6.548209610010673E-002
  1.240192455490691E-002 -2.534782295142688E-002  6.112413135054726E-002
  1.183411940067702E-002 -2.398646524897632E-002  5.712189626360667E-002
  1.129662803212130E-002 -2.271357026646163E-002  5.344035712608744E-002
  1.078749579714274E-002 -2.152211037856789E-002  5.004853381817658E-002
  1.030492195874000E-002 -2.040573082109883E-002  4.691896248550494E-002
  9.847245093536414E-003 -1.935867399160097E-002  4.402723817250212E-002
  9.412930118009234E-003 -1.837571351212680E-002  4.135162426041982E-002
  9.000556734396368E-003 -1.745209663976446E-002  3.887271795152134E-002
  8.608809118134149E-003 -1.658349383729835E-002  3.657316286382582E-002
  8.236466693800855E-003 -1.576595450340151E-002  3.443740142622584E-002
  7.882395867749477E-003 -1.499586801613647E-002  3.245146097526749E-002
  7.545542603567311E-003 -1.426992937278873E-002  3.060276842598394E-002
  7.224925741737117E-003 -1.358510881573000E-002  2.887998937891927E-002
  6.919630977872920E-003 -1.293862492374189E-002  2.727288800703613E-002
  6.628805424984975E-003 -1.232792072406495E-002  2.577220479193138E-002
  6.351652694728984E-003 -1.175064244308692E-002  2.436954959833912E-002
  6.087428440757130E-003 -1.120462056746067E-002  2.305730791825018E-002
  5.835436314306402E-003 -1.068785293274975E-002  2.182855851797978E-002
  5.595024288224380E-003 -1.019848959490679E-002  2.067700093621138E-002
  5.365581310876910E-003 -9.734819272841883E-003  1.959689152280711E-002
  5.146534255928417E-003 -9.295257178150294E-003  1.858298691287141E-002
  4.937345137939707E-003 -8.878334071955459E-003  1.763049396680471E-002
  4.737508567169814E-003 -8.482686409389498E-003  1.673502535925885E-002
  4.546549419973176E-003 -8.107047449771825E-003  1.589256011070814E-002
  4.364020703812274E-003 -7.750239225728070E-003  1.509940844927243E-002
  4.189501598209113E-003 -7.411165277628611E-003  1.435218047407651E-002
  4.022595654980430E-003 -7.088804071123137E-003  1.364775815892402E-002
  3.862929142879975E-003 -6.782203025191370E-003  1.298327031986250E-002
  3.710149523342470E-003 -6.490473086826433E-003  1.235607016771112E-002
  3.563924045403943E-003 -6.212783795938416E-003  1.176371517554757E-002
  3.423938449099486E-003 -5.948358790419009E-003  1.120394897931563E-002
  3.289895767723236E-003 -5.696471707040608E-003  1.067468509547313E-002
  3.161515220298690E-003 -5.456442438844807E-003  1.017399223906936E-002
  3.038531186460726E-003 -5.227633714049119E-003  9.700081078948255E-003
  2.920692256713121E-003 -5.009447965198890E-003  9.251292272168466E-003
  2.807760351704252E-003 -4.801324460836445E-003  8.826085627624304E-003
  2.699509904767203E-003 -4.602736674801777E-003  8.423030302023630E-003
  2.595727102514512E-003 -4.413189870892865E-003  8.040795897984126E-003
  2.496209178761171E-003 -4.232218883030173E-003  7.678144384685411E-003
  2.400763757484037E-003 -4.059386073027057E-003  7.333922750551935E-003
  2.309208240916158E-003 -3.894279449908406E-003  7.007056318670127E-003
  2.221369239225485E-003 -3.736510936353774E-003  6.696542652301005E-003
  2.137082038542194E-003 -3.585714769269060E-003  6.401445999109432E-003
  2.056190104383745E-003 -3.441546022766427E-003  6.120892214691075E-003
  1.978544617782861E-003 -3.303679242951031E-003  5.854064127628388E-003
  1.904004041656104E-003 -3.171807184988425E-003  5.600197290448738E-003
  1.832433715158508E-003 -3.045639643793270E-003  5.358576096822715E-003
  1.763705473961359E-003 -2.924902370465819E-003  5.128530216408692E-003
  1.697697294560811E-003 -2.809336067436213E-003  4.909431323534710E-003
  1.634292960880978E-003 -2.698695455802000E-003  4.700690097893262E-003
  1.573381751577775E-003 -2.592748409057484E-003  4.501753457124587E-003
  1.514858146576393E-003 -2.491275147854465E-003  4.312102023115176E-003
  1.458621551495241E-003 -2.394067490912075E-003  4.131247778649711E-003
  1.404576038713647E-003 -2.300928157732187E-003  3.958731910985008E-003
  1.352630103938481E-003 -2.211670119010897E-003  3.794122825447645E-003
  1.302696437214625E-003 -2.126115991082570E-003  3.637014307215876E-003
  1.254691707404088E-003 -2.044097471060722E-003  3.487023824656131E-003
  1.208536359233196E-003 -1.965454809548896E-003  3.343790962698177E-003
  1.164154422075709E-003 -1.890036318128274E-003  3.206975968790649E-003
  1.121473329700878E-003 -1.817697909037734E-003  3.076258410745654E-003
  1.080423750273405E-003 -1.748302664658638E-003  2.951335930088191E-003
  1.040939425944019E-003 -1.681720434647114E-003  2.831923087275399E-003
  1.002957021417569E-003 -1.617827458708432E-003  2.717750289233995E-003
  9.664159809296487E-004 -1.556506013167689E-003  2.608562794901127E-003
  9.312583931036157E-004 -1.497644079655560E-003  2.504119788793649E-003
  8.974288631967356E-004 -1.441135034354350E-003  2.404193521593627E-003
  8.648743922790589E-004 -1.386877356356850E-003  2.308568509445971E-003
  8.335442629201809E-004 -1.334774353829078E-003  2.217040788234536E-003
  8.033899309882811E-004 -1.284733906740540E-003  2.129417220270204E-003
  7.743649231931500E-004 -1.236668225047021E-003  2.045514845412510E-003
  7.464247400293191E-004 -1.190493621284074E-003  1.965160278250883E-003
  7.195267637990668E-004 -1.146130296590565E-003  1.888189144403162E-003
  6.936301714162377E-004 -1.103502139290296E-003  1.814445553438996E-003
  6.686958517113083E-004 -1.062536535195120E-003  1.743781607834703E-003
  6.446863269769655E-004 -1.023164188861382E-003  1.676056942630534E-003
  6.215656785100044E-004 -9.853189551006216E-004  1.611138295096847E-003
  5.992994759212663E-004 -9.489376800726292E-004  1.548899102755511E-003
  5.778547100000861E-004 -9.139600513601806E-004  1.489219125219934E-003
  5.571997289329329E-004 -8.803284564535527E-004  1.431984091890881E-003
  5.373041776889907E-004 -8.479878491101002E-004  1.377085370241367E-003
  5.181389403968359E-004 -8.168856231110759E-004  1.324419655015470E-003
  4.996760855473304E-004 -7.869714929466775E-004  1.273888677251305E-003
  4.818888138681841E-004 -7.581973810086809E-004  1.225398930016382E-003
  4.647514087248585E-004 -7.305173108948010E-004  1.178861411814267E-003
  4.482391889115072E-004 -7.038873064517616E-004  1.134191384719963E-003
  4.323284637037339E-004 -6.782652962162497E-004  1.091308147390331E-003
  4.169964900526931E-004 -6.536110229276441E-004  1.050134821524916E-003
  4.022214318072123E-004 -6.298859578165463E-004  1.010598150584115E-003
  3.879823208572418E-004 -6.070532193837334E-004  9.726283110380782E-004
  3.742590200983322E-004 -5.850774964105827E-004  9.361587335766977E-004
  3.610321881224644E-004 -5.639249749561569E-004  9.011259356227693E-004
  3.482832455462449E-004 -5.435632691051404E-004  8.674693630239700E-004
  3.359943428924906E-004 -5.239613552608770E-004  8.351312404373431E-004
  3.241483299459258E-004 -5.050895097771414E-004  8.040564309460982E-004
  3.127287265083952E-004 -4.869192497377206E-004  7.741923030274273E-004
  3.017196944830767E-004 -4.694232767124767E-004  7.454886050508984E-004
  2.911060112211110E-004 -4.525754233221775E-004  7.178973468134922E-004
  2.808730440678083E-004 -4.363506024539833E-004  6.913726877716064E-004
  2.710067260490772E-004 -4.207247589861409E-004  6.658708308619820E-004
  2.614935326418767E-004 -4.056748238803953E-004  6.413499230234941E-004
  2.523204595757337E-004 -3.911786705163290E-004  6.177699599439701E-004
  2.434750016149941E-004 -3.772150731476013E-004  5.950926970074748E-004
  2.349451322744276E-004 -3.637636673593191E-004  5.732815645310131E-004
  2.267192844232183E-004 -3.508049124310323E-004  5.523015870072974E-004
  2.187863317346704E-004 -3.383200554941171E-004  5.321193080034625E-004
  2.111355709415171E-004 -3.262910973917559E-004  5.127027173767162E-004
  2.037567048584645E-004 -3.147007601591694E-004  4.940211833253158E-004
  1.966398261358376E-004 -3.035324560268680E-004  4.760453880498458E-004
  1.897754017100897E-004 -2.927702578799534E-004  4.587472656209001E-004
  1.831542579184665E-004 -2.823988710934347E-004  4.420999445929775E-004
  1.767675662471143E-004 -2.724036066690062E-004  4.260776923456613E-004
  1.706068296832784E-004 -2.627703556163224E-004  4.106558626481994E-004
  1.646638696437397E-004 -2.534855645087284E-004  3.958108460822901E-004
  1.589308134531590E-004 -2.445362121548656E-004  3.815200226958116E-004
  1.534000823472320E-004 -2.359097873333852E-004  3.677617170086319E-004
  1.480643799768088E-004 -2.275942675359007E-004  3.545151554323219E-004
  1.429166813903651E-004 -2.195780986669941E-004  3.417604257218344E-004
  1.379502224733137E-004 -2.118501756566108E-004  3.294784382746943E-004
  1.331584898236646E-004 -2.043998239384308E-004  3.176508896141093E-004
  1.285352110446108E-004 -1.972167817521881E-004  3.062602273385881E-004
  1.240743454355006E-004 -1.902911832304295E-004  2.952896170368279E-004
  1.197700750636028E-004 -1.836135422311307E-004  2.847229105884523E-004
  1.156167961998846E-004 -1.771747368809757E-004  2.745446161358327E-004
  1.116091111028521E-004 -1.709659947945716E-004  2.647398694013308E-004
  1.077418201352474E-004 -1.649788789383746E-004  2.552944063710378E-004
  1.040099141991230E-004 -1.592052741076711E-004  2.461945373618546E-004
  1.004085674755152E-004 -1.536373739881688E-004  2.374271221758127E-004
  9.693313045555638E-005 -1.482676687757496E-004  2.289795464643471E-004
  9.357912325049634E-005 -1.430889333263470E-004  2.208396993181174E-004
  9.034222916871231E-005 -1.380942158124924E-004  2.129959516684003E-004
  8.721828854829159E-005 -1.332768268635578E-004  2.054371358724031E-004
  8.420329283433513E-005 -1.286303291658955E-004  1.981525261817764E-004
  8.129337889062312E-005 -1.241485275030732E-004  1.911318200479303E-004
  7.848482353574104E-005 -1.198254592155860E-004  1.843651203814009E-004
  7.577403829423976E-005 -1.156553850607543E-004  1.778429185327512E-004
  7.315756435381350E-005 -1.116327804552689E-004  1.715560780754378E-004
  7.063206771989395E-005 -1.077523270823570E-004  1.654958193522644E-004
  6.819433455945445E-005 -1.040089048476900E-004  1.596537046377023E-004
  6.584126672616777E-005 -1.003975841684544E-004  1.540216240373247E-004
  6.356987745942669E-005 -9.691361858060521E-005  1.485917819514189E-004
  6.137728725006182E-005 -9.355243764978215E-005  1.433566842355579E-004
  5.926071986592675E-005 -9.030964017282423E-005  1.383091257989677E-004
  5.721749853079123E-005 -8.718098765770707E-005  1.334421788226554E-004
  5.524504225029100E-005 -8.416239806825465E-005  1.287491815433018E-004
  5.334086227897023E-005 -8.124993982286673E-005  1.242237274058206E-004
  5.150255872268327E-005 -7.843982603639967E-005  1.198596547907230E-004
  4.972781727089296E-005 -7.572840899431386E-005  1.156510371125384E-004
  4.801440605362695E-005 -7.311217484852498E-005  1.115921734640581E-004
  4.636017261810921E-005 -7.058773852608018E-005  1.076775794867262E-004
  4.476304102025035E-005 -6.815183884174702E-005  1.039019787884268E-004
  4.322100902642979E-005 -6.580133380432285E-005  1.002602946993980E-004
  4.173214542119171E-005 -6.353319610976902E-005  9.674764228890003E-005
  4.029458741663984E-005 -6.134450881286409E-005  9.335932084261224E-005
  3.890653815952594E-005 -5.923246116893603E-005  9.009080661233273E-005
  3.756626433218744E-005 -5.719434463947421E-005  8.693774583188278E-005
  3.627209384364302E-005 -5.522754905397076E-005  8.389594813128200E-005
  3.502241360733420E-005 -5.332955892144980E-005  8.096138012085383E-005
  3.381566740212680E-005 -5.149794988575266E-005  7.813015932062795E-005
  3.265035381334663E-005 -4.973038531755042E-005  7.539854835495987E-005
  3.152502425076228E-005 -4.802461303817222E-005  7.276294930853776E-005
  3.043828104054044E-005 -4.637846216920747E-005  7.021989844578982E-005
  2.938877558835236E-005 -4.478984010234818E-005  6.776606104755545E-005
  2.837520661090863E-005 -4.325672958483907E-005  6.539822653285496E-005
  2.739631843332773E-005 -4.177718591505188E-005  6.311330377183838E-005
  2.645089934985345E-005 -4.034933424374220E-005  6.090831659338742E-005
  2.553778004554167E-005 -3.897136697623573E-005  5.878039951088551E-005
  2.465583207664326E-005 -3.764154127140675E-005  5.672679358918064E-005
  2.380396640750103E-005 -3.635817663303308E-005  5.474484255390901E-005
  2.298113200188695E-005 -3.511965258935067E-005  5.283198902124697E-005
  2.218631446678685E-005 -3.392440645724200E-005  5.098577091695253E-005
  2.141853474673217E-005 -3.277093118694917E-005  4.920381806305597E-005
  2.067684786686708E-005 -3.165777328368741E-005  4.748384891165949E-005
  1.996034172301728E-005 -3.058353080305977E-005  4.582366740086993E-005
  1.926813591710245E-005 -2.954685141625993E-005  4.422116003713404E-005
  1.859938063632902E-005 -2.854643054203033E-005  4.267429301461490E-005
  1.795325557464957E-005 -2.758100954272190E-005  4.118110952802027E-005
  1.732896889506125E-005 -2.664937398039132E-005  3.973972724498069E-005
  1.672575623139098E-005 -2.575035193083564E-005  3.834833580129698E-005
  1.614287972825913E-005 -2.488281235248280E-005  3.700519454096580E-005
  1.557962711800297E-005 -2.404566350715661E-005  3.570863027040201E-005
  1.503531083338387E-005 -2.323785143049343E-005  3.445703519152432E-005
  1.450926715497155E-005 -2.245835844927419E-005  3.324886489363112E-005
  1.400085539214832E-005 -2.170620174341796E-005  3.208263648234742E-005
  1.350945709673405E-005 -2.098043195022910E-005  3.095692678045018E-005
  1.303447530828083E-005 -2.028013180912220E-005  2.987037061130916E-005
  1.257533383012830E-005 -1.960441484457773E-005  2.882165919470589E-005
  1.213147653536219E-005 -1.895242408575934E-005  2.780953856664300E-005
  1.170236670184604E-005 -1.832333082115952E-005  2.683280811699853E-005
  1.128748637554026E-005 -1.771633338699480E-005  2.589031912043493E-005
  1.088633576133855E-005 -1.713065598827870E-005  2.498097336713637E-005
  1.049843264068621E-005 -1.656554755157032E-005  2.410372178074868E-005
  1.012331181525083E-005 -1.602028060922322E-005  2.325756306437154E-005
  9.760524575926257E-006 -1.549415021468374E-005  2.244154235764412E-005
  9.409638196452436E-006 -1.498647288926262E-005  2.165474984591487E-005
  9.070235450918312E-006 -1.449658560089855E-005  2.089631937229779E-005
  8.741914154402151E-006 -1.402384477611554E-005  2.016542694243315E-005
  8.424286725962549E-006 -1.356762534685844E-005  1.946128919024870E-005
  8.116979773158572E-006 -1.312731983416389E-005  1.878316171271657E-005
  7.819633697216503E-006 -1.270233747163515E-005  1.813033727777183E-005
  7.531902317890906E-006 -1.229210337191909E-005  1.750214388127498E-005
  7.253452516985730E-006 -1.189605774019736E-005  1.689794260645182E-005
  6.983963899400857E-006 -1.151365513919854E-005  1.631712528939584E-005
  6.723128470460692E-006 -1.114436381093692E-005  1.575911192635337E-005
  6.470650328152376E-006 -1.078766506083420E-005  1.522334784792650E-005
  6.226245368769520E-006 -1.044305271036105E-005  1.470930059331324E-005
  5.989641004306177E-006 -1.011003262484738E-005  1.421645650699414E-005
  5.760575889795086E-006 -9.788122323057448E-006  1.374431704004150E-005
  5.538799658628401E-006 -9.476850675431537E-006  1.329239474733188E-005
  5.324072663741750E-006 -9.175757697596063E-006  1.286020901542127E-005
  5.116165722397444E-006 -8.884394445231013E-006  1.244728153088382E-005
  4.914859862169144E-006 -8.602323015626111E-006  1.205313154511035E-005
  4.719946065621025E-006 -8.329116660144508E-006  1.167727097620152E-005
  4.531225011093118E-006 -8.064360010224202E-006  1.131919944531468E-005
  4.348506806968368E-006 -7.807649417483970E-006  1.097839932932444E-005
  4.171610716808491E-006 -7.558593406243813E-006  1.065433094396259E-005
  4.000364872817407E-006 -7.316813233807326E-006  1.034642800059401E-005
  3.834605975235282E-006 -7.081943550669866E-006  1.005409346999899E-005
  3.674178975485000E-006 -6.853633149350884E-006  9.776696020791135E-006
  3.518936741197796E-006 -6.631545786655518E-006  9.513567203014822E-006
  3.368739701638796E-006 -6.415361060406840E-006  9.263999533298388E-006
  3.223455472532140E-006 -6.204775317897365E-006  9.027245654574517E-006
  3.082958459853308E-006 -5.999502569672771E-006  8.802518713236770E-006
  2.947129442798797E-006 -5.799275379239013E-006  8.588994073237825E-006
  2.815855136850396E-006 -5.603845696827286E-006  8.385812461065964E-006
  2.689027738605388E-006 -5.412985603758848E-006  8.192084585966817E-006
  2.566544454821171E-006 -5.226487933586108E-006  8.006897222800066E-006
  2.448307018896618E-006 -5.044166736686360E-006  7.829320726711325E-006
  2.334221198753829E-006 -4.865857558021370E-006  7.658417746670020E-006
  2.224196300758289E-006 -4.691417498083643E-006  7.493253344095434E-006
  2.118144674898028E-006 -4.520725043467340E-006  7.332904884380978E-006
  2.015981226874940E-006 -4.353679619032066E-006  7.176476327504225E-006
  1.917622943119611E-006 -4.190200964319647E-006  7.023099202610023E-006
  1.822988434618536E-006 -4.030227940906524E-006  6.871981061729756E-006
  1.731997506262703E-006 -3.873718150405104E-006  6.722286613990563E-006
  1.644570754813037E-006 -3.720643601525949E-006  6.573599765618742E-006
  1.560629210578269E-006 -3.570999000165553E-006  6.424365157867731E-006
  1.480093990724281E-006 -3.424765711326854E-006  6.277296924774559E-006
  1.402886104966165E-006 -3.282026252212665E-006  6.120894963854862E-006
  1.328925905420750E-006 -3.142568865983631E-006  5.992219696129245E-006
  1.258134089863502E-006 -3.007198704891771E-006  5.765883099180583E-006
  1.190427140594761E-006 -2.873411108752381E-006  5.854759850907100E-006
  1.125733765350356E-006 -2.749375961576441E-006  4.918796145206618E-006
  1.063933190287558E-006 -2.609772428710565E-006  7.207012650363243E-006
  1.005085330151043E-006 -2.530619220778551E-006 -3.318523644003549E-007
  9.485718708942172E-007 -2.297986019457267E-006  2.053811549266491E-005
  8.963020791497622E-007 -2.450626391398174E-006 -3.379628974258417E-005
  8.407490213297140E-007 -1.947568991634540E-006  7.749130030217319E-005
  8.095996206742496E-007 -1.055417427071999E-006  0.000000000000000E+000
