  0.000000000000000E+000  0.000000000000000E+000  0.000000000000000E+000
  0.000000000000000E+000  0.000000000000000E+000  0.000000000000000E+000
  0.000000000000000E+000  0.000000000000000E+000  0.000000000000000E+000
  0.000000000000000E+000  0.000000000000000E+000  0.000000000000000E+000
  0.000000000000000E+000  0.000000000000000E+000  0.000000000000000E+000
  0.000000000000000E+000  0.000000000000000E+000  0.000000000000000E+000
  0.000000000000000E+000  0.000000000000000E+000  0.000000000000000E+000
  0.000000000000000E+000  0.000000000000000E+000  0.000000000000000E+000
  0.000000000000000E+000  0.000000000000000E+000  0.000000000000000E+000
  0.000000000000000E+000  0.000000000000000E+000  0.000000000000000E+000
  0.000000000000000E+000  0.000000000000000E+000  0.000000000000000E+000
  0.000000000000000E+000  0.000000000000000E+000  0.000000000000000E+000
  0.000000000000000E+000  0.000000000000000E+000  0.000000000000000E+000
  0.000000000000000E+000  0.000000000000000E+000  0.000000000000000E+000
  0.000000000000000E+000  0.000000000000000E+000  0.000000000000000E+000
  0.000000000000000E+000  0.000000000000000E+000  0.000000000000000E+000
  0.000000000000000E+000  0.000000000000000E+000  0.000000000000000E+000
  0.000000000000000E+000  0.000000000000000E+000  0.000000000000000E+000
  0.000000000000000E+000  0.000000000000000E+000  0.000000000000000E+000
  0.000000000000000E+000  0.000000000000000E+000  0.000000000000000E+000
  0.000000000000000E+000  0.000000000000000E+000  0.000000000000000E+000
  0.000000000000000E+000  0.000000000000000E+000  0.000000000000000E+000
  0.000000000000000E+000  0.000000000000000E+000  0.000000000000000E+000
  0.000000000000000E+000  0.000000000000000E+000  0.000000000000000E+000
  0.000000000000000E+000  0.000000000000000E+000  0.000000000000000E+000
  0.000000000000000E+000  0.000000000000000E+000  0.000000000000000E+000
  0.000000000000000E+000  0.000000000000000E+000  0.000000000000000E+000
  0.000000000000000E+000  0.000000000000000E+000  0.000000000000000E+000
  0.000000000000000E+000  0.000000000000000E+000  0.000000000000000E+000
  0.000000000000000E+000  0.000000000000000E+000  0.000000000000000E+000
  0.000000000000000E+000  0.000000000000000E+000  0.000000000000000E+000
  0.000000000000000E+000  0.000000000000000E+000  0.000000000000000E+000
  0.000000000000000E+000  0.000000000000000E+000  0.000000000000000E+000
  0.000000000000000E+000  0.000000000000000E+000  0.000000000000000E+000
  0.000000000000000E+000  0.000000000000000E+000  0.000000000000000E+000
  0.000000000000000E+000  0.000000000000000E+000  0.000000000000000E+000
  0.000000000000000E+000  0.000000000000000E+000  0.000000000000000E+000
  0.000000000000000E+000  0.000000000000000E+000  0.000000000000000E+000
  0.000000000000000E+000  0.000000000000000E+000  0.000000000000000E+000
  0.000000000000000E+000  0.000000000000000E+000  0.000000000000000E+000
  0.000000000000000E+000  0.000000000000000E+000  0.000000000000000E+000
  0.000000000000000E+000  0.000000000000000E+000  0.000000000000000E+000
  0.000000000000000E+000  0.000000000000000E+000  0.000000000000000E+000
  0.000000000000000E+000  0.000000000000000E+000  0.000000000000000E+000
  0.000000000000000E+000  0.000000000000000E+000  0.000000000000000E+000
  0.000000000000000E+000  0.000000000000000E+000  0.000000000000000E+000
  0.000000000000000E+000  0.000000000000000E+000  0.000000000000000E+000
  0.000000000000000E+000  0.000000000000000E+000  0.000000000000000E+000
  0.000000000000000E+000  0.000000000000000E+000  0.000000000000000E+000
  0.000000000000000E+000  0.000000000000000E+000  0.000000000000000E+000
  0.000000000000000E+000  0.000000000000000E+000  0.000000000000000E+000
  0.000000000000000E+000  0.000000000000000E+000  0.000000000000000E+000
  0.000000000000000E+000  0.000000000000000E+000  0.000000000000000E+000
  0.000000000000000E+000  0.000000000000000E+000  0.000000000000000E+000
  0.000000000000000E+000  0.000000000000000E+000  0.000000000000000E+000
  0.000000000000000E+000  0.000000000000000E+000  0.000000000000000E+000
  0.000000000000000E+000  0.000000000000000E+000  0.000000000000000E+000
  0.000000000000000E+000  0.000000000000000E+000  0.000000000000000E+000
  0.000000000000000E+000  0.000000000000000E+000  0.000000000000000E+000
  0.000000000000000E+000  0.000000000000000E+000  0.000000000000000E+000
  0.000000000000000E+000  0.000000000000000E+000  0.000000000000000E+000
  0.000000000000000E+000  0.000000000000000E+000  0.000000000000000E+000
  0.000000000000000E+000  0.000000000000000E+000  0.000000000000000E+000
  0.000000000000000E+000  0.000000000000000E+000  0.000000000000000E+000
  0.000000000000000E+000  0.000000000000000E+000  0.000000000000000E+000
  0.000000000000000E+000  0.000000000000000E+000  0.000000000000000E+000
  0.000000000000000E+000  0.000000000000000E+000  0.000000000000000E+000
  0.000000000000000E+000  0.000000000000000E+000  0.000000000000000E+000
  0.000000000000000E+000  0.000000000000000E+000  0.000000000000000E+000
  0.000000000000000E+000  0.000000000000000E+000  0.000000000000000E+000
  0.000000000000000E+000  0.000000000000000E+000  0.000000000000000E+000
  0.000000000000000E+000  0.000000000000000E+000  0.000000000000000E+000
  0.000000000000000E+000  0.000000000000000E+000  0.000000000000000E+000
  0.000000000000000E+000  0.000000000000000E+000  0.000000000000000E+000
  0.000000000000000E+000  0.000000000000000E+000  0.000000000000000E+000
  0.000000000000000E+000  0.000000000000000E+000  0.000000000000000E+000
  0.000000000000000E+000  0.000000000000000E+000  0.000000000000000E+000
  0.000000000000000E+000  0.000000000000000E+000  0.000000000000000E+000
  0.000000000000000E+000  0.000000000000000E+000  0.000000000000000E+000
  0.000000000000000E+000  0.000000000000000E+000  0.000000000000000E+000
  0.000000000000000E+000  0.000000000000000E+000  0.000000000000000E+000
  0.000000000000000E+000  0.000000000000000E+000  0.000000000000000E+000
  0.000000000000000E+000  0.000000000000000E+000  0.000000000000000E+000
  0.000000000000000E+000  0.000000000000000E+000  0.000000000000000E+000
  0.000000000000000E+000  0.000000000000000E+000  0.000000000000000E+000
  0.000000000000000E+000  0.000000000000000E+000  0.000000000000000E+000
  0.000000000000000E+000  0.000000000000000E+000  0.000000000000000E+000
  0.000000000000000E+000  0.000000000000000E+000  0.000000000000000E+000
  0.000000000000000E+000  0.000000000000000E+000  0.000000000000000E+000
  0.000000000000000E+000  0.000000000000000E+000  0.000000000000000E+000
  0.000000000000000E+000  0.000000000000000E+000  0.000000000000000E+000
  0.000000000000000E+000  0.000000000000000E+000  0.000000000000000E+000
  0.000000000000000E+000  0.000000000000000E+000  0.000000000000000E+000
  0.000000000000000E+000  0.000000000000000E+000  0.000000000000000E+000
  0.000000000000000E+000  0.000000000000000E+000  0.000000000000000E+000
  0.000000000000000E+000  0.000000000000000E+000  0.000000000000000E+000
  0.000000000000000E+000  0.000000000000000E+000  0.000000000000000E+000
  0.000000000000000E+000  0.000000000000000E+000  0.000000000000000E+000
  0.000000000000000E+000  0.000000000000000E+000  0.000000000000000E+000
  0.000000000000000E+000  0.000000000000000E+000  0.000000000000000E+000
  0.000000000000000E+000  0.000000000000000E+000  0.000000000000000E+000
  0.000000000000000E+000  0.000000000000000E+000  0.000000000000000E+000
  0.000000000000000E+000  0.000000000000000E+000  0.000000000000000E+000
  0.000000000000000E+000  0.000000000000000E+000  0.000000000000000E+000
  0.000000000000000E+000  0.000000000000000E+000  0.000000000000000E+000
  0.000000000000000E+000  0.000000000000000E+000  0.000000000000000E+000
  0.000000000000000E+000  0.000000000000000E+000  0.000000000000000E+000
  0.000000000000000E+000  0.000000000000000E+000  0.000000000000000E+000
  0.000000000000000E+000  0.000000000000000E+000  0.000000000000000E+000
  0.000000000000000E+000  0.000000000000000E+000  0.000000000000000E+000
  0.000000000000000E+000  0.000000000000000E+000  0.000000000000000E+000
  0.000000000000000E+000  0.000000000000000E+000  0.000000000000000E+000
  0.000000000000000E+000  0.000000000000000E+000  0.000000000000000E+000
  0.000000000000000E+000  0.000000000000000E+000  0.000000000000000E+000
  0.000000000000000E+000  0.000000000000000E+000  0.000000000000000E+000
  0.000000000000000E+000  0.000000000000000E+000  0.000000000000000E+000
  0.000000000000000E+000  0.000000000000000E+000  0.000000000000000E+000
  0.000000000000000E+000  0.000000000000000E+000  0.000000000000000E+000
  0.000000000000000E+000  0.000000000000000E+000  0.000000000000000E+000
  0.000000000000000E+000  0.000000000000000E+000  0.000000000000000E+000
  0.000000000000000E+000  0.000000000000000E+000  0.000000000000000E+000
  0.000000000000000E+000  0.000000000000000E+000  0.000000000000000E+000
  0.000000000000000E+000  0.000000000000000E+000  0.000000000000000E+000
  0.000000000000000E+000  0.000000000000000E+000  0.000000000000000E+000
  0.000000000000000E+000  0.000000000000000E+000  0.000000000000000E+000
  0.000000000000000E+000  0.000000000000000E+000  0.000000000000000E+000
  0.000000000000000E+000  0.000000000000000E+000  4.940656458412465E-324
  0.000000000000000E+000  0.000000000000000E+000 -9.881312916824931E-324
  0.000000000000000E+000  0.000000000000000E+000  2.964393875047479E-323
  0.000000000000000E+000  0.000000000000000E+000 -1.136350985434867E-322
  0.000000000000000E+000  0.000000000000000E+000  4.298371118818845E-322
  0.000000000000000E+000 -9.881312916824931E-324 -1.610654005442464E-321
  0.000000000000000E+000  3.952525166729972E-323  6.012778909887970E-321
  0.000000000000000E+000 -1.482196937523740E-322 -2.244540229056783E-320
  0.000000000000000E+000  5.582941798006086E-322  8.375894893946653E-320
  0.000000000000000E+000 -2.075075712533235E-321 -3.125854528108399E-319
  0.000000000000000E+000  7.756830639707571E-321  1.166582862303893E-318
  0.000000000000000E+000 -2.893742487692181E-320 -4.353750937061190E-318
  0.000000000000000E+000  1.080027501808965E-319  1.624842582659733E-317
  0.000000000000000E+000 -4.030735758466642E-319 -6.063995730998457E-317
  0.000000000000000E+000  1.504286612549302E-318  2.263114034133410E-316
  0.000000000000000E+000 -5.614087696319918E-318 -8.446056514027228E-316
  0.000000000000000E+000  2.095205429141745E-317  3.152111197256894E-315
  0.000000000000000E+000 -7.819412946934990E-317 -1.176383914750617E-314
  0.000000000000000E+000  2.918244635859821E-316  4.390324538782711E-314
  0.000000000000000E+000 -1.089103710052609E-315 -1.638491424136836E-313
  0.000000000000000E+000  4.064590386505768E-315  6.114933242718479E-313
  0.000000000000000E+000 -1.516925784091112E-314 -2.282124154668768E-312
  0.000000000000000E+000  5.661244097713871E-314  8.517003294403222E-312
  0.000000000000000E+000 -2.112805060676437E-313 -3.178588902293918E-311
  0.000000000000000E+000  7.885095832934361E-313  1.186265527973584E-310
  0.000000000000000E+000 -2.942757827115982E-312 -4.427203221664946E-310
  0.000000000000000E+000  1.098252172515567E-311  1.652254735868615E-309
  0.000000000000000E+000 -4.098732907351164E-311 -6.166298621307960E-309
  0.000000000000000E+000  1.529667945688909E-310  2.301293974936323E-308
  0.000000000000000E+000 -5.708798492020470E-310 -8.588546037614496E-308
  0.000000000000000E+000  2.130552602239307E-309  3.205289017552167E-307
  0.000000000000000E+000 -7.951330559755166E-309 -1.196230146644722E-306
  0.000000000000000E+000  2.967476963678137E-308  4.464391684823670E-306
  0.000000000000000E+000 -1.107477479873703E-307 -1.666133659264996E-305
  0.000000000000000E+000  4.133162223126998E-307  6.218095468577617E-305
  0.000000000000000E+000 -1.542517141263429E-306 -2.320624821504547E-304
  0.000000000000000E+000  5.756752342741017E-306  8.660689739160427E-304
  0.000000000000000E+000 -2.148449222970217E-305 -3.232213413513485E-303
  0.000000000000000E+000  8.018121657606195E-305  1.206278468013876E-302
  0.000000000000000E+000 -2.992403740745457E-304 -4.501892530704156E-302
  0.000000000000000E+000  1.116780279722120E-303  1.680129165480275E-301
  0.000000000000000E+000 -4.167880744813936E-303 -6.270327408850683E-301
  0.000000000000000E+000  1.555474269953363E-302  2.340118046992246E-300
  0.000000000000000E+000 -5.805109005332056E-302 -8.733439447083916E-300
  0.000000000000000E+000  2.166496175137487E-301  3.259363974134342E-299
  0.000000000000000E+000 -8.085473800016739E-301 -1.216411195182898E-298
  0.000000000000000E+000  3.017539902492948E-300  4.539708383318156E-298
  0.000000000000000E+000 -1.126161222997012E-299 -1.694242233808973E-297
  0.000000000000000E+000  4.202890901738753E-299  6.322998096904076E-297
  0.000000000000000E+000 -1.568540238395800E-298 -2.359775015380733E-296
  0.000000000000000E+000  5.853871863409325E-298  8.806800251832526E-296
  0.000000000000000E+000 -2.184694721524151E-297 -3.286742599194937E-295
  0.000000000000000E+000  8.153391699755668E-297  1.226629037159650E-294
  0.000000000000000E+000 -3.042887207749852E-296 -4.577841888719105E-294
  0.000000000000000E+000  1.135620966102385E-295  1.708473851771677E-293
  0.000000000000000E+000 -4.238195143634552E-295 -6.376111218214799E-293
  0.000000000000000E+000  1.581715960843583E-294  2.379597102108752E-292
  0.000000000000000E+000 -5.903044329010874E-294 -8.880777286613529E-292
  0.000000000000000E+000  2.203046135519992E-293  3.314351204434536E-291
  0.000000000000000E+000 -8.221880109178881E-293 -1.236932708907679E-290
  0.000000000000000E+000  3.068447430119554E-292  4.616295715187264E-290
  0.000000000000000E+000 -1.145160170956033E-291 -1.722825015184138E-289
  0.000000000000000E+000  4.273795940812175E-291  6.429670489217825E-289
  0.000000000000000E+000 -1.595002359229267E-290 -2.399585694168716E-288
  0.000000000000000E+000  5.952629842835851E-290  8.955375727753083E-288
  0.000000000000000E+000 -2.221551701211414E-289 -3.342191721684362E-287
  0.000000000000000E+000  8.290943820562071E-289  1.247322931396214E-286
  0.000000000000000E+000 -3.094222358103687E-288 -4.655072553416420E-286
  0.000000000000000E+000  1.154779505035854E-287  1.737296728226947E-285
  0.000000000000000E+000 -4.309695784333047E-287 -6.483679657566145E-285
  0.000000000000000E+000  1.608400363229634E-286  2.419742190203763E-284
  0.000000000000000E+000 -6.002631874485231E-286 -9.030600795058439E-284
  0.000000000000000E+000  2.240212713471129E-285  3.370266099002999E-283
  0.000000000000000E+000 -8.360587666435991E-285 -1.257800431650615E-282
  0.000000000000000E+000  3.120213795227285E-284  4.694175116702162E-282
  0.000000000000000E+000 -1.164479641426553E-283 -1.751890003515803E-281
  0.000000000000000E+000  4.345897186183487E-283  6.538142502392997E-281
  0.000000000000000E+000 -1.621910910330740E-282 -2.440068000605618E-280
  0.000000000000000E+000  6.053053922704608E-282  9.106457752183175E-280
  0.000000000000000E+000 -2.259030478048771E-281 -3.398576300812708E-279
  0.000000000000000E+000  8.430816519925224E-281  1.268365942803161E-278
  0.000000000000000E+000 -3.146423560164988E-280 -4.733606141131712E-278
  0.000000000000000E+000  1.174261258866743E-279  1.766605862172369E-277
  0.000000000000000E+000 -4.382402679450472E-279 -6.593062834576305E-277
  0.000000000000000E+000  1.635534945893515E-278  2.460564547613285E-276
  0.000000000000000E+000 -6.103899515629014E-278 -9.182951906995510E-276
  0.000000000000000E+000  2.278006311662253E-277  3.427124308036876E-275
  0.000000000000000E+000 -8.501635295086114E-277 -1.279020204144795E-274
  0.000000000000000E+000  3.172853486868220E-276  4.773368385775493E-274
  0.000000000000000E+000 -1.184125041796427E-275 -1.781445333895718E-273
  0.000000000000000E+000  4.419214818498886E-275  6.648444497005323E-273
  0.000000000000000E+000 -1.649273423219911E-274 -2.481233265412557E-272
  0.000000000000000E+000  6.155172211029757E-274  9.260088611949697E-272
  0.000000000000000E+000 -2.297141542089912E-273 -3.455912118238623E-271
  0.000000000000000E+000  8.573048947256673E-273  1.289763961175952E-270
  0.000000000000000E+000 -3.199505424693678E-272 -4.813464632879947E-270
  0.000000000000000E+000  1.194071680404905E-271  1.796409457034384E-269
  0.000000000000000E+000 -4.456336179150249E-271 -6.704291364849540E-269
  0.000000000000000E+000  1.663127303619610E-270  2.502075600236378E-268
  0.000000000000000E+000 -6.206875596563414E-270 -9.337873264460558E-268
  0.000000000000000E+000  2.316437508263405E-269  3.484941745760586E-267
  0.000000000000000E+000 -8.645062473397280E-269 -1.300597965659629E-266
  0.000000000000000E+000  3.226381238532570E-268  4.853897688062456E-266
  0.000000000000000E+000 -1.204101870679056E-267 -1.811499278659020E-265
  0.000000000000000E+000  4.493769358862965E-267  6.760607345829833E-265
  0.000000000000000E+000 -1.677097556477281E-266 -2.523093010466031E-264
  0.000000000000000E+000  6.259013290022827E-266  9.416311307281143E-264
  0.000000000000000E+000 -2.335895560361403E-265 -3.514215221865854E-263
  0.000000000000000E+000  8.717680912443955E-265  1.311522975673436E-262
  0.000000000000000E+000 -3.253482808941208E-264 -4.894670380507511E-262
  0.000000000000000E+000  1.214216314452044E-263  1.826715854635661E-261
  0.000000000000000E+000 -4.531516976914054E-263 -6.817396380491893E-261
  0.000000000000000E+000  1.691185159320417E-262  2.544286966733191E-260
  0.000000000000000E+000 -6.311588939590264E-262 -9.495408228883576E-260
  0.000000000000000E+000  2.355517059904064E-261  3.543734594880111E-259
  0.000000000000000E+000 -8.790909345657227E-261 -1.322539755663209E-258
  0.000000000000000E+000  3.280812032272486E-260  4.935785563164823E-258
  0.000000000000000E+000 -1.224415719452422E-259 -1.842060249699609E-257
  0.000000000000000E+000  4.569581674582440E-259  6.874662442481952E-257
  0.000000000000000E+000 -1.705391097887734E-258 -2.565658952022820E-256
  0.000000000000000E+000  6.364606224092692E-258  9.575169563843086E-256
  0.000000000000000E+000 -2.375303379848304E-257 -3.573501930334953E-255
  0.000000000000000E+000  8.864752896983945E-257  1.333649076495550E-254
  0.000000000000000E+000 -3.308370820808748E-256 -4.977246112948706E-254
  0.000000000000000E+000  1.234700799353660E-255  1.857533537529928E-253
  0.000000000000000E+000 -4.607966115333764E-255 -6.932409538824840E-253
  0.000000000000000E+000  1.719716366198140E-254  2.587210461776943E-252
  0.000000000000000E+000 -6.418068853259180E-254 -9.655600893225289E-252
  0.000000000000000E+000  2.395255904683859E-253  3.603519311112421E-251
  0.000000000000000E+000 -8.939216733409520E-253 -1.344851715512716E-250
  0.000000000000000E+000  3.336161102895421E-252  5.019054930939621E-250
  0.000000000000000E+000 -1.245072273824073E-251 -1.873136800824577E-249
  0.000000000000000E+000  4.646672985006751E-251  6.990641710204345E-249
  0.000000000000000E+000 -1.734161966620293E-250 -2.608943003999280E-248
  0.000000000000000E+000  6.471980567980498E-250  9.736707844976687E-248
  0.000000000000000E+000 -2.415376030530170E-249 -3.633788837590747E-247
  0.000000000000000E+000  9.014306065322631E-249  1.356148456586532E-246
  0.000000000000000E+000 -3.364184823076035E-248 -5.061214942587053E-246
  0.000000000000000E+000  1.255530868577188E-247  1.888871131376168E-245
  0.000000000000000E+000 -4.685704992001148E-247 -7.049363031245966E-245
  0.000000000000000E+000  1.748728909942740E-246  2.630858099360770E-244
  0.000000000000000E+000 -6.526345140570847E-246 -9.818496094318482E-244
  0.000000000000000E+000  2.435665165234064E-245  3.664312627791316E-243
  0.000000000000000E+000 -9.090026146879174E-245 -1.367540090173342E-242
  0.000000000000000E+000  3.392443942228263E-244  5.103729097914235E-242
  0.000000000000000E+000 -1.266077315422514E-243 -1.904737630148360E-241
  0.000000000000000E+000  4.725064867467229E-243  7.108577610802017E-241
  0.000000000000000E+000 -1.763418215444640E-242 -2.652957281305971E-240
  0.000000000000000E+000  6.581166375031836E-242  9.900971364143681E-240
  0.000000000000000E+000 -2.456124728468271E-241 -3.695092817526876E-239
  0.000000000000000E+000  9.166382276369903E-241  1.379027413369313E-238
  0.000000000000000E+000 -3.420940437701133E-240 -5.146600371724567E-238
  0.000000000000000E+000  1.276712352316755E-239  1.920737407352895E-237
  0.000000000000000E+000 -4.764755365497246E-239 -7.168289592238613E-237
  0.000000000000000E+000  1.778230910967096E-238  2.675242096160347E-236
  0.000000000000000E+000 -6.636448107318660E-238 -9.984139425417528E-236
  0.000000000000000E+000  2.476756151830754E-237  3.726131560550977E-235
  0.000000000000000E+000 -9.243379796591150E-237 -1.390611229966216E-234
  0.000000000000000E+000  3.449676303453385E-236  5.189831763809764E-234
  0.000000000000000E+000 -1.287436723415443E-235 -1.936871582527284E-233
  0.000000000000000E+000  4.804779263316432E-235  7.228503153728161E-233
  0.000000000000000E+000 -1.793168032985029E-234 -2.697714103238536E-232
  0.000000000000000E+000  6.692194205608472E-234  1.006800609758133E-231
  0.000000000000000E+000 -2.497560878944886E-233 -3.757431028708678E-231
  0.000000000000000E+000  9.321024095218699E-233  1.402292350507658E-230
  0.000000000000000E+000 -3.478653550192991E-232 -5.233426299159765E-230
  0.000000000000000E+000  1.298251179125010E-231  1.953141284613140E-229
  0.000000000000000E+000 -4.845139361480739E-231 -7.289222508536585E-229
  0.000000000000000E+000  1.808230626679794E-230  2.720374874953320E-228
  0.000000000000000E+000 -6.748408570571104E-230 -1.015257724895962E-227
  0.000000000000000E+000  2.518540365560463E-229  3.788993412088517E-227
  0.000000000000000E+000 -9.399320605184739E-229 -1.414071592345811E-226
  0.000000000000000E+000  3.507874205517849E-228  5.277387028174391E-226
  0.000000000000000E+000 -1.309156476155293E-227 -1.969547652035175E-225
  0.000000000000000E+000  4.885838484069385E-227  7.350451905323262E-225
  0.000000000000000E+000 -1.823419746012225E-226 -2.743225996925787E-224
  0.000000000000000E+000  6.805095135641960E-226  1.023785879717082E-223
  0.000000000000000E+000 -2.539696079655561E-225 -3.820820919175751E-223
  0.000000000000000E+000  9.478274805058052E-225  1.425949779698592E-222
  0.000000000000000E+000 -3.537340314057664E-224 -5.321717026876794E-222
  0.000000000000000E+000  1.320153377572485E-223  1.986091832780858E-221
  0.000000000000000E+000 -4.926879478884350E-223 -7.412195628435488E-221
  0.000000000000000E+000  1.838736453796425E-222  2.766269068096208E-220
  0.000000000000000E+000 -6.862257867297268E-222 -1.032385670954128E-219
  0.000000000000000E+000  2.561029501539265E-221  3.852915777006893E-219
  0.000000000000000E+000 -9.557892219427333E-221 -1.437927743707344E-218
  0.000000000000000E+000  3.567053937617007E-220  5.366419397128688E-218
  0.000000000000000E+000 -1.331242652852530E-219 -2.002774984480741E-217
  0.000000000000000E+000  4.968265217648417E-219  7.474457998210095E-217
  0.000000000000000E+000 -1.854181821774114E-218 -2.789505700835964E-216
  0.000000000000000E+000  6.919900765331861E-218  1.041057700352247E-215
  0.000000000000000E+000 -2.582542123955239E-217 -3.885280231325532E-215
  0.000000000000000E+000  9.638178419287776E-217  1.450006322494988E-214
  0.000000000000000E+000 -3.597017155319586E-216 -5.411497266847399E-214
  0.000000000000000E+000  1.342425077934957E-215  2.019598274489461E-213
  0.000000000000000E+000 -5.009998596207869E-215 -7.537243371273103E-213
  0.000000000000000E+000  1.869756930689653E-214  2.812937521060295E-212
  0.000000000000000E+000 -6.978027863137819E-214 -1.049802574711387E-211
  0.000000000000000E+000  2.604235452186164E-213  3.917916546739519E-211
  0.000000000000000E+000 -9.719139022430873E-213 -1.462186361224669E-210
  0.000000000000000E+000  3.627232063753732E-212  5.456953790224725E-210
  0.000000000000000E+000 -1.353701435277184E-211 -2.036562879967423E-209
  0.000000000000000E+000  5.052082534733366E-211  7.600556140847220E-209
  0.000000000000000E+000 -1.885462870365628E-210 -2.836566168342146E-208
  0.000000000000000E+000  7.036643227989174E-210  1.058620905928386E-207
  0.000000000000000E+000 -2.626111004159107E-209 -3.950827006879331E-207
  0.000000000000000E+000  9.800779693837510E-209  1.474468712158894E-206
  0.000000000000000E+000 -3.657700777119095E-208 -5.502792147947642E-206
  0.000000000000000E+000  1.365072513909263E-207  2.053669987963168E-205
  0.000000000000000E+000 -5.094519977925141E-207 -7.664400737057906E-205
  0.000000000000000E+000  1.901300739779130E-206  2.860393296026846E-204
  0.000000000000000E+000 -7.095750961324006E-206 -1.067513311040159E-203
  0.000000000000000E+000  2.648170310551690E-205  3.984013914557952E-203
  0.000000000000000E+000 -9.883106146074359E-205 -1.486854234719165E-202
  0.000000000000000E+000  3.688425427374573E-204  5.549015547420866E-202
  0.000000000000000E+000 -1.376539109489086E-203 -2.070920795496430E-201
  0.000000000000000E+000  5.137313895218885E-203  7.728781627243632E-201
  0.000000000000000E+000 -1.917271647138715E-202 -2.884420571347706E-200
  0.000000000000000E+000  7.155355199032714E-202  1.076480412266685E-199
  0.000000000000000E+000 -2.670414914899214E-201 -4.017479591931969E-199
  0.000000000000000E+000  9.966124139693586E-201  1.499343795546119E-198
  0.000000000000000E+000 -3.719408164387513E-200 -5.595627222991279E-198
  0.000000000000000E+000  1.388102024358070E-199  2.088316509641900E-197
  0.000000000000000E+000 -5.180467280993527E-199 -7.793703316268473E-197
  0.000000000000000E+000  1.933376709961604E-198  2.908649675543199E-196
  0.000000000000000E+000 -7.215460111747064E-198 -1.085522837054595E-195
  0.000000000000000E+000  2.692846373702665E-197  4.051226380664060E-195
  0.000000000000000E+000 -1.004983948363595E-196 -1.511938268560165E-194
  0.000000000000000E+000  3.750651156084115E-196  5.642630436174252E-194
  0.000000000000000E+000 -1.399762067597287E-195 -2.105858347613684E-193
  0.000000000000000E+000  5.223983154780734E-195  7.859170346837313E-193
  0.000000000000000E+000 -1.949617055152635E-194 -2.933082303973452E-192
  0.000000000000000E+000  7.276069905132204E-194  1.094641218121047E-191
  0.000000000000000E+000 -2.715466256537619E-193 -4.085256642086841E-191
  0.000000000000000E+000  1.013425803563725E-192  1.524638535022632E-190
  0.000000000000000E+000 -3.782156588601139E-192 -5.690028475881843E-190
  0.000000000000000E+000  1.411520055084084E-191  2.123547536850474E-189
  0.000000000000000E+000 -5.267864561476222E-191 -7.925187299813714E-189
  0.000000000000000E+000  1.965993819082080E-190  2.957720166240438E-188
  0.000000000000000E+000 -7.337188820180699E-190 -1.103836193498038E-187
  0.000000000000000E+000  2.738276146164071E-189  4.119572757368109E-187
  0.000000000000000E+000 -1.021938570263822E-188 -1.537445483597440E-186
  0.000000000000000E+000  3.813926666438879E-188  5.737824658652948E-186
  0.000000000000000E+000 -1.423376809549170E-187 -2.141385315101435E-185
  0.000000000000000E+000  5.312114571552789E-187  7.991758794540447E-185
  0.000000000000000E+000 -1.982508147666199E-186 -2.982564986306035E-184
  0.000000000000000E+000  7.398821133509517E-186  1.113108406577010E-183
  0.000000000000000E+000 -2.761277638637187E-185 -4.154177127677435E-183
  0.000000000000000E+000  1.030522844119779E-184  1.550360010413273E-182
  0.000000000000000E+000 -3.845963612615537E-184 -5.786022328885141E-182
  0.000000000000000E+000  1.435333160634185E-183  2.159372930512806E-181
  0.000000000000000E+000 -5.356736281275187E-183 -8.058889489162710E-181
  0.000000000000000E+000  1.999161196446657E-182  3.007618502613804E-180
  0.000000000000000E+000 -7.460971157659109E-182 -1.122458506153894E-179
  0.000000000000000E+000  2.784472343418977E-181  4.189072174354197E-179
  0.000000000000000E+000 -1.039179225791000E-180 -1.563383019126289E-178
  0.000000000000000E+000  3.878269668822102E-180  5.834624859069738E-178
  0.000000000000000E+000 -1.447389944949741E-179 -2.177511641715266E-177
  0.000000000000000E+000  5.401732812916753E-179  8.126584080954092E-177
  0.000000000000000E+000 -2.015954130671727E-178 -3.032882468210110E-176
  0.000000000000000E+000  7.523643241395234E-178  1.131887146474503E-175
  0.000000000000000E+000 -2.807861883490920E-177 -4.224260339077002E-175
  0.000000000000000E+000  1.047908320982416E-176  1.576515420983350E-174
  0.000000000000000E+000 -3.910847095580572E-176 -5.883635650025701E-174
  0.000000000000000E+000  1.459548006133987E-175  2.195802717911946E-173
  0.000000000000000E+000 -5.447107314977892E-175 -8.194847306645212E-173
  0.000000000000000E+000  2.032888125377758E-174  3.058358650866890E-172
  0.000000000000000E+000 -7.586841770013241E-174 -1.141394987280304E-171
  0.000000000000000E+000  2.831447895467623E-173  4.259744084034374E-171
  0.000000000000000E+000 -1.056710740486879E-172 -1.589758134885776E-170
  0.000000000000000E+000  3.943698172400753E-172  5.933058131139667E-170
  0.000000000000000E+000 -1.471808194911614E-171 -2.214247438967289E-169
  0.000000000000000E+000  5.492862962406377E-171  8.263683942755192E-169
  0.000000000000000E+000 -2.049964365471390E-170 -3.084048833205348E-168
  0.000000000000000E+000  7.650571165644922E-170  1.150982693854587E-167
  0.000000000000000E+000 -2.855232029710830E-169 -4.295525892097814E-167
  0.000000000000000E+000  1.065587100227883E-168  1.603112087453667E-166
  0.000000000000000E+000 -3.976825197940449E-168 -5.982895760604887E-166
  0.000000000000000E+000  1.484171369153391E-167  2.232847095496588E-165
  0.000000000000000E+000 -5.539002956819520E-167 -8.333098805925864E-165
  0.000000000000000E+000  2.067184045812469E-166  3.109954812820687E-164
  0.000000000000000E+000 -7.714835887567924E-166 -1.160650937069016E-163
  0.000000000000000E+000  2.879215950445923E-165  4.331608266993996E-163
  0.000000000000000E+000 -1.074538021302690E-164 -1.616578213090697E-162
  0.000000000000000E+000  4.010230490166169E-164  6.033152025663388E-162
  0.000000000000000E+000 -1.496638393936198E-163 -2.251602988956286E-161
  0.000000000000000E+000  5.585530526728374E-163  8.403096753258503E-161
  0.000000000000000E+000 -2.084548371297655E-162 -3.136078402407885E-160
  0.000000000000000E+000  7.779640432517786E-162  1.170400393430569E-159
  0.000000000000000E+000 -2.903401335877348E-161 -4.367993733481487E-159
  0.000000000000000E+000  1.083564130025762E-160  1.630157454049538E-158
  0.000000000000000E+000 -4.043916386515312E-160 -6.083830442850003E-158
  0.000000000000000E+000  1.509210141603548E-159  2.270516431735048E-157
  0.000000000000000E+000 -5.632448927762664E-159 -8.473682682655190E-157
  0.000000000000000E+000  2.102058556944710E-158  3.162421429888571E-156
  0.000000000000000E+000 -7.844989335002577E-158 -1.180231745128877E-155
  0.000000000000000E+000  2.927789878306558E-157  4.404684837526650E-155
  0.000000000000000E+000 -1.092666057972598E-156 -1.643850760497772E-154
  0.000000000000000E+000  4.077885244059735E-156  6.134934558238424E-154
  0.000000000000000E+000 -1.521887491826634E-155 -2.289588747245592E-153
  0.000000000000000E+000  5.679761442900565E-155  8.544861533158527E-153
  0.000000000000000E+000 -2.119715827977562E-154 -3.188985738538852E-152
  0.000000000000000E+000  7.910887167620193E-154  1.190145680083955E-151
  0.000000000000000E+000 -2.952383284250321E-153 -4.441684146481937E-151
  0.000000000000000E+000  1.101844442023966E-152  1.657659090584320E-150
  0.000000000000000E+000 -4.112139439670684E-152 -6.186467947689306E-150
  0.000000000000000E+000  1.534671331665877E-151  2.308821270017290E-149
  0.000000000000000E+000 -5.727471382696440E-151 -8.616638285300231E-149
  0.000000000000000E+000  2.137521419911988E-150  3.215773187118363E-148
  0.000000000000000E+000 -7.977338541378309E-150 -1.200142891994343E-147
  0.000000000000000E+000  2.977183274560125E-149  4.478994249265536E-147
  0.000000000000000E+000 -1.111099924410267E-148 -1.671583410506780E-146
  0.000000000000000E+000  4.146681370185056E-148  6.238434217100567E-146
  0.000000000000000E+000 -1.547562555632996E-147 -2.328215345789549E-145
  0.000000000000000E+000  5.775582085513477E-147  8.689017961448140E-145
  0.000000000000000E+000 -2.155476578642091E-146 -3.242785650000301E-144
  0.000000000000000E+000  8.044348106017017E-146  1.210224080385639E-143
  0.000000000000000E+000 -3.002191584542599E-145 -4.516617756542527E-143
  0.000000000000000E+000  1.120433152756869E-144  1.685624694578447E-142
  0.000000000000000E+000 -4.181513452573217E-144 -6.290837002659534E-142
  0.000000000000000E+000  1.560562065753600E-143  2.347772331605969E-141
  0.000000000000000E+000 -5.824096917757077E-143 -8.762005626157924E-141
  0.000000000000000E+000  2.173582560527471E-142  3.270025017302573E-140
  0.000000000000000E+000 -8.111920550334465E-142 -1.220389950659406E-139
  0.000000000000000E+000  3.027409964080931E-141  4.554557300907530E-139
  0.000000000000000E+000 -1.129844780129028E-140 -1.699783925297071E-138
  0.000000000000000E+000  4.216638124108019E-140  6.343679971097532E-138
  0.000000000000000E+000 -1.573670771630304E-139 -2.367493595909306E-137
  0.000000000000000E+000  5.873019274110417E-139  8.835606386527472E-137
  0.000000000000000E+000 -2.191840632481136E-138 -3.297493195020058E-136
  0.000000000000000E+000  8.180060602513503E-138  1.230641214142748E-135
  0.000000000000000E+000 -3.052840177757287E-137 -4.592815537068988E-135
  0.000000000000000E+000  1.139335465077780E-136  1.714062093413320E-134
  0.000000000000000E+000 -4.252057842535391E-136 -6.396966819946383E-134
  0.000000000000000E+000  1.586889590506379E-135  2.387380518637221E-133
  0.000000000000000E+000 -5.922352577771977E-135 -8.909825392554248E-133
  0.000000000000000E+000  2.210252072058152E-134  3.325192105157977E-132
  0.000000000000000E+000 -8.248773030455413E-134 -1.240978588137648E-131
  0.000000000000000E+000  3.078484004976349E-133  4.631395142034796E-131
  0.000000000000000E+000 -1.148905871685986E-132 -1.728460198000153E-130
  0.000000000000000E+000  4.287775086246309E-132  6.450701277797134E-130
  0.000000000000000E+000 -1.600219447329982E-131 -2.407434491318752E-129
  0.000000000000000E+000  5.972100280695083E-131  8.984667837495617E-129
  0.000000000000000E+000 -2.228818167545036E-130 -3.353123685866371E-128
  0.000000000000000E+000  8.318062642110634E-130  1.251402795971593E-127
  0.000000000000000E+000 -3.104343240089752E-129 -4.670298815299734E-127
  0.000000000000000E+000  1.158556669614794E-128  1.742979246522734E-126
  0.000000000000000E+000 -4.323792354450202E-128 -6.504887104560964E-126
  0.000000000000000E+000  1.613661274818601E-127  2.427656917172112E-125
  0.000000000000000E+000 -6.022265863829385E-127 -9.060138958232354E-125
  0.000000000000000E+000  2.247540218049894E-126  3.381289891575731E-124
  0.000000000000000E+000 -8.387934285816638E-126 -1.261914567047969E-123
  0.000000000000000E+000  3.130419692521666E-125  4.709529279034302E-123
  0.000000000000000E+000 -1.168288534150500E-124 -1.757620254908924E-122
  0.000000000000000E+000  4.360112167349832E-124  6.559528091732267E-122
  0.000000000000000E+000 -1.627216013524883E-123 -2.448049211202014E-121
  0.000000000000000E+000  6.072852837364550E-123  9.136244035634831E-121
  0.000000000000000E+000 -2.266419533593332E-122 -3.409692693133731E-120
  0.000000000000000E+000  8.458392850636870E-122  1.272514636897144E-119
  0.000000000000000E+000 -3.156715186895528E-121 -4.749089278275033E-119
  0.000000000000000E+000  1.178102146251800E-120  1.772384247620362E-118
  0.000000000000000E+000 -4.396737066317649E-120 -6.614628062653944E-118
  0.000000000000000E+000  1.640884611901879E-119  2.468612800299542E-117
  0.000000000000000E+000 -6.123864740975755E-119 -9.212988394932772E-117
  0.000000000000000E+000  2.285457435200113E-118  3.438334077943155E-116
  0.000000000000000E+000 -8.529443266702878E-118 -1.283203747227934E-115
  0.000000000000000E+000  3.183231563161140E-117  4.788981581117422E-115
  0.000000000000000E+000 -1.187998192597428E-116 -1.787272257724175E-114
  0.000000000000000E+000  4.433669614073596E-116  6.670190872784959E-114
  0.000000000000000E+000 -1.654668026369695E-115 -2.489349123341566E-113
  0.000000000000000E+000  6.175305144071423E-115  9.290377406087769E-113
  0.000000000000000E+000 -2.304655254991600E-114 -3.467216050100951E-112
  0.000000000000000E+000  8.601090505559256E-114  1.293982645979503E-111
  0.000000000000000E+000 -3.209970676724542E-113 -4.829208978907917E-111
  0.000000000000000E+000  1.197977365634224E-112  1.802285326965216E-110
  0.000000000000000E+000 -4.470912394864444E-112 -6.726220409970074E-110
  0.000000000000000E+000  1.668567221382355E-111  2.510259631291508E-109
  0.000000000000000E+000 -6.227177646043199E-111 -9.368416484168689E-109
  0.000000000000000E+000  2.324014336278961E-110  3.496340630538450E-108
  0.000000000000000E+000 -8.673339580511524E-110 -1.304852087373693E-107
  0.000000000000000E+000  3.236934398576712E-109  4.869774286440927E-107
  0.000000000000000E+000 -1.208040363625570E-108 -1.817424505839002E-106
  0.000000000000000E+000  4.508468014644609E-108  6.782720594711913E-106
  0.000000000000000E+000 -1.682583169495286E-107 -2.531345787300865E-105
  0.000000000000000E+000  6.279485876516684E-107  9.447111089732270E-105
  0.000000000000000E+000 -2.343536033657146E-106 -3.525709857162821E-104
  0.000000000000000E+000  8.746195546976918E-106  1.315812831967806E-103
  0.000000000000000E+000 -3.264124615425051E-105 -4.910680342154942E-103
  0.000000000000000E+000  1.218187890700252E-104  1.832690853665197E-102
  0.000000000000000E+000 -4.546339101258501E-104 -6.839695380445292E-102
  0.000000000000000E+000  1.696716851433376E-103  2.552609066811597E-101
  0.000000000000000E+000 -6.332233495607653E-103 -9.526466729201860E-101
  0.000000000000000E+000  2.363221713099723E-102  3.555325784999585E-100
  0.000000000000000E+000 -8.819663502838129E-102 -1.326865646707815E-099
  0.000000000000000E+000  3.291543229825280E-101  4.951930008331303E-099
  0.000000000000000E+000 -1.228420656901730E-100 -1.848085438661740E-098
  0.000000000000000E+000  4.584528304624557E-100  6.897148753813582E-098
  0.000000000000000E+000 -1.710969256159589E-099 -2.574050957659351E-097
  0.000000000000000E+000  6.385424194175901E-099  9.606488955256044E-097
  0.000000000000000E+000 -2.383072752054401E-098 -3.585190486336483E-096
  0.000000000000000E+000  8.893748588800016E-098  1.338011304982033E-095
  0.000000000000000E+000 -3.319192160314566E-097 -4.993526171294483E-095
  0.000000000000000E+000  1.238739378237826E-096  1.863609338019590E-094
  0.000000000000000E+000 -4.623038296919849E-096 -6.955084734948912E-094
  0.000000000000000E+000  1.725341380944158E-095  2.595672960177606E-093
  0.000000000000000E+000 -6.439061694084642E-095 -9.687183367215534E-093
  0.000000000000000E+000  2.403090539539442E-094  3.615306050868453E-092
  0.000000000000000E+000 -8.968455988749301E-094 -1.349250586675226E-091
  0.000000000000000E+000  3.347073341545778E-093  5.035471741614058E-091
  0.000000000000000E+000 -1.249144776730818E-092 -1.879263637978101E-090
  0.000000000000000E+000  4.661871772768693E-092  7.013507377750997E-090
  0.000000000000000E+000 -1.739834231434396E-091 -2.617476587302589E-089
  0.000000000000000E+000  6.493149748460714E-091  9.768555611435256E-089
  0.000000000000000E+000 -2.423276476240846E-090 -3.645674585843844E-088
  0.000000000000000E+000  9.043790930117636E-090  1.360584278223136E-087
  0.000000000000000E+000 -3.375188724422848E-089 -5.077769654308342E-087
  0.000000000000000E+000  1.259637580467963E-088  1.895049433901023E-086
  0.000000000000000E+000 -4.701031449429568E-088 -7.072420770173259E-086
  0.000000000000000E+000  1.754448821725031E-087  2.639463364679201E-085
  0.000000000000000E+000 -6.547692141957166E-087 -9.850611381699478E-085
  0.000000000000000E+000  2.443631974610363E-086  3.676298216211871E-084
  0.000000000000000E+000 -9.119758684245739E-086 -1.372013172667754E-083
  0.000000000000000E+000  3.403540276237258E-085  5.120422869049828E-083
  0.000000000000000E+000 -1.270218523652447E-084 -1.910967830353156E-082
  0.000000000000000E+000  4.740520066986058E-084  7.131829034507641E-082
  0.000000000000000E+000 -1.769186174429179E-083 -2.661634830767741E-081
  0.000000000000000E+000  6.602692691018111E-083  9.933356419620201E-081
  0.000000000000000E+000 -2.464158458964326E-082 -3.707179084771306E-080
  0.000000000000000E+000  9.196364566755493E-082  1.383538069712320E-079
  0.000000000000000E+000 -3.432129980805766E-081 -5.163434370372151E-079
  0.000000000000000E+000  1.280888346654751E-080  1.927019941177629E-078
  0.000000000000000E+000 -4.780340388538428E-080 -7.191736327673299E-078
  0.000000000000000E+000  1.784047320749960E-079  2.683992536951461E-077
  0.000000000000000E+000 -6.658155244145759E-079 -1.001679651503887E-076
  0.000000000000000E+000  2.484857365583308E-078  3.738319352320402E-076
  0.000000000000000E+000 -9.273613937918654E-078 -1.395159775777772E-075
  0.000000000000000E+000  3.460959838609131E-077  5.206807167879049E-075
  0.000000000000000E+000 -1.291647796064466E-076 -1.943206889573842E-074
  0.000000000000000E+000  4.820495200396951E-076  7.252146841507465E-074
  0.000000000000000E+000 -1.799033300552334E-075 -2.706538047645602E-073
  0.000000000000000E+000  6.714083682169642E-075  1.010093750643166E-072
  0.000000000000000E+000 -2.505730142812624E-074 -3.769721197808105E-072
  0.000000000000000E+000  9.351512203033529E-074  1.406879104058925E-071
  0.000000000000000E+000 -3.490031866932150E-073 -5.250544296454891E-071
  0.000000000000000E+000  1.302497624742524E-072  1.959529808176064E-070
  0.000000000000000E+000 -4.860987312276883E-072 -7.313064803058767E-070
  0.000000000000000E+000  1.814145162436501E-071  2.729272940405901E-069
  0.000000000000000E+000 -6.770481918518316E-071 -1.018578528131773E-068
  0.000000000000000E+000  2.526778251163676E-070  3.801386818486501E-068
  0.000000000000000E+000 -9.430064812802873E-070 -1.418696874581423E-067
  0.000000000000000E+000  3.519348100004907E-069  5.294648816476852E-067
  0.000000000000000E+000 -1.313438591873887E-068 -1.975989839132669E-066
  0.000000000000000E+000  4.901819557495059E-068  7.374494474882991E-066
  0.000000000000000E+000 -1.829383963810635E-067 -2.752198806039930E-065
  0.000000000000000E+000  6.827353899493035E-067  1.027134577667142E-064
  0.000000000000000E+000 -2.548003163416150E-066 -3.833318430064576E-064
  0.000000000000000E+000  9.509277263715295E-066  1.430613914259116E-063
  0.000000000000000E+000 -3.548910589144504E-065 -5.339123814030006E-063
  0.000000000000000E+000  1.324471463020648E-064  1.992588134186091E-062
  0.000000000000000E+000 -4.942994793168144E-064 -7.436440155341364E-062
  0.000000000000000E+000  1.844750770965193E-063  2.775317248717936E-061
  0.000000000000000E+000 -6.884703604543958E-063 -1.035762497933761E-060
  0.000000000000000E+000  2.569406364721063E-062  3.865518266863251E-060
  0.000000000000000E+000 -9.589155098429857E-062 -1.442631056951924E-059
  0.000000000000000E+000  3.578721402899837E-061  5.383972401121371E-059
  0.000000000000000E+000 -1.335597010175636E-060 -2.009325854753356E-058
  0.000000000000000E+000  4.984515900412563E-060  7.498906178901288E-058
  0.000000000000000E+000 -1.860246659147461E-059 -2.798629886085180E-057
  0.000000000000000E+000  6.942535046548587E-059  1.044462892645059E-056
  0.000000000000000E+000 -2.590989352704782E-058 -3.897988581971578E-056
  0.000000000000000E+000  9.669703906163920E-058  1.454749143524177E-055
  0.000000000000000E+000 -3.608782627195090E-057 -5.429197715899551E-055
  0.000000000000000E+000  1.346816011816397E-056  2.026204172007403E-054
  0.000000000000000E+000 -5.026385784546081E-056 -7.561896916439657E-054
  0.000000000000000E+000  1.875872712636792E-055  2.822138349375123E-053
  0.000000000000000E+000 -7.000852272092561E-055 -1.053236370585653E-052
  0.000000000000000E+000  2.612753637573345E-054  3.930731647405098E-052
  0.000000000000000E+000 -9.750929323084125E-054 -1.466969021903474E-051
  0.000000000000000E+000  3.639096365476316E-053  5.474802922873387E-051
  0.000000000000000E+000 -1.358129252959685E-052 -2.043224266959007E-050
  0.000000000000000E+000  5.068607375291110E-052  7.625416775548691E-050
  0.000000000000000E+000 -1.891630024820475E-051 -2.845844283523576E-049
  0.000000000000000E+000  7.059659361752791E-051  1.062083545653943E-048
  0.000000000000000E+000 -2.634700742219068E-050 -3.963749754263416E-048
  0.000000000000000E+000  9.832837032700995E-050  1.479291547139972E-047
  0.000000000000000E+000 -3.669664738858491E-049 -5.520791213133547E-047
  0.000000000000000E+000  1.369537525216386E-048  2.060387330539422E-046
  0.000000000000000E+000 -5.111183626979880E-048 -7.689470200844056E-046
  0.000000000000000E+000  1.907519698270245E-047  2.869749347283783E-045
  0.000000000000000E+000 -7.118960430382993E-047 -1.071005036905073E-044
  0.000000000000000E+000  2.656832202326172E-046  3.997045212891912E-044
  0.000000000000000E+000 -9.915432766266390E-046 -1.491717581466258E-043
  0.000000000000000E+000  3.700489886273939E-045  5.567165804575840E-043
  0.000000000000000E+000 -1.381041626846912E-044 -2.077694563683710E-042
  0.000000000000000E+000  5.154117518760253E-044  7.754061674277257E-042
  0.000000000000000E+000 -1.923542844819410E-043 -2.893855213342532E-041
  0.000000000000000E+000  7.178759627401614E-043  1.080001468594240E-040
  0.000000000000000E+000 -2.679149566478706E-042 -4.030620353042707E-040
  0.000000000000000E+000  9.998722303174657E-042  1.504247994357659E-039
  2.160055003617930E-320 -3.731573964621993E-041 -5.613929942126365E-039
  1.270804923156459E-309  1.392642362817051E-040  2.095147177414780E-038
  3.834281615484517E-299 -5.197412054806005E-040 -7.819195715446485E-038
  6.025826318344370E-289  1.939700585640697E-039  2.918163568437116E-037
  5.013063923526396E-279 -7.239061137082185E-039 -1.089073470220382E-036
  2.242906077643021E-269  2.701654396268805E-038  4.064477524037815E-036
  5.480894107456359E-260 -1.008271147136736E-037 -1.516883662593033E-035
  7.426478515087909E-251  3.762919148919927E-037  5.661086897968554E-035
  5.662589691222754E-242 -1.404340544854298E-036 -2.112746392928118E-034
  2.464968146249098E-233  5.241070264525199E-036  7.884876881915618E-034
  6.212867287787527E-225 -1.955994051324650E-035 -2.942676113473435E-033
  9.192593233186757E-217  7.299869178846078E-035  1.098221676570218E-032
  8.092692133337764E-209 -2.724348266405967E-034 -4.098619094933528E-032
  4.295036870482806E-201  1.016740614773926E-033  1.529625470316390E-031
  1.391997688532000E-193 -3.794527632455108E-033 -5.708639971772206E-031
  2.789706123435326E-186  1.416136991504650E-032  2.130493441677244E-030
  3.499868959742753E-179 -5.285095202773092E-032 -7.951109769531754E-030
  2.781766770441159E-172  1.972424381958772E-031  2.967394563644977E-029
  1.417252498666767E-165 -7.361188007557778E-031 -1.107446727762673E-028
  4.681614383049059E-159  2.747232764827234E-030  4.133047454686196E-028
  1.013946556193488E-152 -1.025281225855316E-029 -1.542474309098211E-027
  1.455599515155782E-146  3.826401626938540E-029  5.756592490924225E-027
  1.399916724972577E-140 -1.428032528189884E-028 -2.148389565459869E-026
  9.114104617695948E-135  5.329489950065683E-028  8.017899012747053E-026
  4.057790789658889E-129 -1.988992727207285E-027 -2.992320648552835E-025
  1.247779881991454E-123  7.423021913822835E-027  1.116749269293623E-024
  2.675879492869290E-118 -2.770309492808307E-026 -4.167765012319359E-024
  4.040022496284900E-113  1.033893577985094E-025  1.555431077998381E-023
  4.334121118881591E-108 -3.858543362659549E-025 -5.804947810761589E-023
  3.333762879052452E-103  1.440027987265310E-024  2.166436016504798E-022
  1.854847301970681E-098 -5.374257612795284E-024 -8.085249284943033E-022
  7.529285987295048E-094  2.005700246391583E-023  3.017456112326734E-021
  2.248613650729831E-089 -7.485375224286804E-023 -1.126129952081263E-020
  4.981354316252315E-085  2.793580065075564E-022  4.202774197092379E-020
  8.251298881247280E-081 -1.042578273787357E-021 -1.568496683628826E-019
  1.029974917979246E-076  3.890955088641873E-021  5.853709314806064E-019
  9.762608256651570E-073 -1.452124208078013E-020 -2.184634057559543E-018
  7.078892667412458E-069  5.419401323447866E-020  8.153165298757566E-018
  3.955233027004544E-065 -2.022548108571346E-019 -3.042802713747072E-017
  1.714969633076763E-061  7.548252301940594E-019  1.135589432511253E-016
  5.810501645081792E-058 -2.817046109919104E-018 -4.238077458670306E-016
  1.548692914492723E-054  1.051335920948235E-017  1.581672040216997E-015
  3.268594174708254E-051 -3.923639072801031E-017 -5.902880415000958E-015
  5.497678919660849E-048  1.464322037025641E-016  2.202984961978605E-014
  7.415309186934140E-045 -5.464924240822266E-016 -8.221651806414617E-014
  8.069566818548764E-042  2.039537492626342E-015  3.068362226367986E-013
  7.127086958070070E-039 -7.611657546423145E-015 -1.145128372483048E-012
  5.138217981753478E-036  2.840709269306623E-014  4.273677267295394E-012
  3.040681939524748E-033 -1.060167132258418E-013 -1.594958069669853E-011
  1.484958174269012E-030  3.956597602103013E-013  5.952464551949874E-011
  6.015113716389628E-028 -1.476622327615284E-012 -2.221490013812897E-010
  2.030341505802078E-025  5.510829550277291E-012  8.290713600079441E-010
  5.732569648571751E-023 -2.056669586602508E-011 -3.094136438006338E-009
  1.356984715024402E-020  7.675595568178951E-011  1.154747454428814E-008
  2.690332084313200E-018 -2.864567763496882E-010 -4.309573159994333E-008
  4.431000500979122E-016  1.069128878720977E-009  1.608404055488228E-007
  5.948875353813320E-014 -3.982308397834059E-009 -5.996026725264732E-007
  6.272577929106468E-012  1.567729077641898E-008  2.307213760088044E-006
  4.923292068486390E-010  5.410151945190155E-009 -3.199006107955526E-006
  2.719259343825804E-008  3.504742841310476E-006  3.071471815749584E-004
  1.007877824330000E-006  1.172262069872216E-004  9.570573688930606E-003
  2.432515924441814E-005  2.693332280606517E-003  0.214187156825115     
  3.784473521122093E-004  3.828540895129395E-002   2.87730134268630     
  3.828175560271285E-003  0.339762403659652        23.3086577018369     
  2.577516516463983E-002   1.91156129774054        113.216059570357     
  0.119473285958085        7.08120239683705        335.813260981220     
  0.396655961271506        18.0850740728405        619.970888710745     
  0.983781916328845        33.1878419612148        691.838862366578     
   1.90064875882790        45.1162899225940        344.252963092843     
   2.97645734989224        45.9693818546357       -270.154339364468     
   3.91867220700380        33.9311170271134       -775.476057892123     
   4.48059169418785        14.2773237675364       -931.630734328210     
   4.57677781605066       -5.29692174166859       -768.566628085241     
   4.27833239993067       -19.4416654237245       -460.030197725319     
   3.73493080217453       -26.6192703833747       -163.408647726176     
   3.09709437815064       -27.9827994447913        44.9740182685814     
   2.47453982194261       -25.6637861640662        156.452915987278     
   1.92844548872321       -21.6233850871535        194.491862488546     
   1.48156589125169       -17.2156031191750        188.363214736600     
   1.13270661155055       -13.1897034537399        161.321987142320     
  0.868841875527511       -9.85638075344942        128.206743885485     
  0.673116767625956       -7.26397347903056        96.9668909397071     
  0.529266057191896       -5.33049655771010        70.9727806236461     
  0.423570826980964       -3.92696779117205        50.9361790763452     
  0.345353851563129       -2.92324909537077        36.2457191175805     
  0.286729897273129       -2.20881402853205        25.8093223236667     
  0.242067891109313       -1.69845159545200        18.5201953678107     
  0.207421876948158       -1.33029026900180        13.4578911376895     
  0.180046883721508       -1.06100170972210        9.93221592928060     
  0.158030523696330      -0.860820543410329        7.45529925274903     
  0.140030064867157      -0.709441200166226        5.69334343626144     
  0.125091466583337      -0.592989878905406        4.42148981052203     
  0.112527078069036      -0.501917904896712        3.48892134308042     
  0.101833495657324      -0.429581031537807        2.79417964450094     
  9.263629660385739E-002 -0.371294958273235        2.26848435362155     
  8.465259844297668E-002 -0.323709791670720        1.86471070156224     
  7.766543601453132E-002 -0.284394518030044        1.55017057777023     
  7.150601303960021E-002 -0.251558985175983        1.30188756800407     
  6.604124573767094E-002 -0.223866049416200        1.10349026963096     
  6.116490096898133E-002 -0.200303189863090       0.943153706724419     
  5.679120503510599E-002 -0.180093681482775       0.812221887585255     
  5.285017202200839E-002 -0.162634354263289       0.704276006247973     
  4.928414426669618E-002 -0.147451421573903       0.614496770973753     
  4.604519819580444E-002 -0.134168734106031       0.539222803454711     
  4.309317575188096E-002 -0.122484681088281       0.475641146920107     
  4.039417359725452E-002 -0.112155181615779       0.421567777425907     
  3.791937125108335E-002 -0.102981015991388       0.375290123921997     
  3.564411300364025E-002 -9.479828577249820E-002  0.335452792271387     
  3.354718189179452E-002 -8.747115469119671E-002  0.300973727086826     
  3.161022051161702E-002 -8.088627042571121E-002  0.270982053007555     
  2.981726517553880E-002 -7.494843795452701E-002  0.244771522332697     
  2.815436835647120E-002 -6.957723413216992E-002  0.221765313912773     
  2.660929048946557E-002 -6.470433679087186E-002  0.201489171328584     
  2.517124669870853E-002 -6.027140114806626E-002  0.183550726331960     
  2.383069734993358E-002 -5.622835900275719E-002  0.167623452430044     
  2.257917382042058E-002 -5.253204716036810E-002  0.153434114878602     
  2.140913275900165E-002 -4.914509417998440E-002  0.140752883090681     
  2.031383353908197E-002 -4.603501126525052E-002  0.129385486535421     
  1.928723470488261E-002 -4.317344557855903E-002  0.119166950931341     
  1.832390605901739E-002 -4.053556361442207E-002  0.109956565256020     
  1.741895369949203E-002 -3.809953934949024E-002  0.101633813952444     
  1.656795583144253E-002 -3.584612728737344E-002  9.409507085386680E-002
  1.576690758690674E-002 -3.375830466466968E-002  8.725089799273736E-002
  1.501217340971949E-002 -3.182097029286649E-002  8.102382746238898E-002
  1.430044582109769E-002 -3.002069000775569E-002  7.534653127817817E-002
  1.362870958898518E-002 -2.834548065340914E-002  7.016030444688404E-002
  1.299421049167566E-002 -2.678462606911413E-002  6.541380215565970E-002
  1.239442800203906E-002 -2.532851976778145E-002  6.106198419100753E-002
  1.182705132937675E-002 -2.396852996653175E-002  5.706522903448229E-002
  1.128995834654749E-002 -2.269688340896371E-002  5.338858754213152E-002
  1.078119700453085E-002 -2.150656504418216E-002  5.000115196441483E-002
  1.029896889814378E-002 -2.039123113413283E-002  4.687552055838601E-002
  9.841614697644711E-003 -1.934513377166023E-002  4.398734185269293E-002
  9.407601203439052E-003 -1.836305512635204E-002  4.131492543778077E-002
  8.995509816581071E-003 -1.744025001013596E-002  3.883890853116690E-002
  8.604026247511630E-003 -1.657239557958300E-002  3.654196952572070E-002
  8.231931310505591E-003 -1.575554717808523E-002  3.440858113867439E-002
  7.878092672419738E-003 -1.498609947528908E-002  3.242479714882659E-002
  7.541457442222744E-003 -1.426075218884880E-002  3.057806764407538E-002
  7.221045502979186E-003 -1.357647978077085E-002  2.885707854530619E-002
  6.915943500895905E-003 -1.293050460960842E-002  2.725161191116405E-002
  6.625299417098104E-003 -1.232027309488020E-002  2.575242399482139E-002
  6.348317657264642E-003 -1.174343451329168E-002  2.435113859173784E-002
  6.084254602387485E-003 -1.119782209931004E-002  2.304015353828980E-002
  5.832414570921782E-003 -1.068143616813669E-002  2.181255854992297E-002
  5.592146148632824E-003 -1.019242901722077E-002  2.066206290087962E-002
  5.362838847678982E-003 -9.729091395003534E-003  1.958293161654433E-002
  5.143920061002782E-003 -9.289840353608468E-003  1.856992907308276E-002
  4.934852282042924E-003 -8.873208325901983E-003  1.761826905033533E-002
  4.735130563213896E-003 -8.477833287698270E-003  1.672357042449661E-002
  4.544280189598129E-003 -8.102449883559442E-003  1.588181777861371E-002
  4.361854546914219E-003 -7.745881409797613E-003  1.508932633647193E-002
  4.187433165123404E-003 -7.407032561140696E-003  1.434271069772208E-002
  4.020619921055449E-003 -7.084882859075182E-003  1.363885689304378E-002
  3.861041385205922E-003 -6.778480689581583E-003  1.297489739780747E-002
  3.708345299424840E-003 -6.486937886378450E-003  1.234818873613784E-002
  3.562199173596115E-003 -6.209424803475766E-003  1.175629137598136E-002
  3.422288990627130E-003 -5.945165827055995E-003  1.119695167452042E-002
  3.288318010153033E-003 -5.693435282472306E-003  1.066808561331890E-002
  3.160005662317179E-003 -5.453553697124200E-003  1.016776415205849E-002
  3.037086523844946E-003 -5.224884384217436E-003  9.694200003144691E-003
  2.919309369386065E-003 -5.006830316371595E-003  9.245735681256563E-003
  2.806436291777843E-003 -4.798831261228264E-003  8.820832696708577E-003
  2.698241885487879E-003 -4.600361154278572E-003  8.418061757491452E-003
  2.594512488032695E-003 -4.410925686797186E-003  8.036093883294220E-003
  2.495045474653651E-003 -4.230060088888294E-003  7.673692344298700E-003
  2.399648601966647E-003 -4.057327089862240E-003  7.329705319624455E-003
  2.308139396688778E-003 -3.892315039959726E-003  7.003059224416673E-003
  2.220344585897115E-003 -3.734636178925975E-003  6.692752627532982E-003
  2.136099565589296E-003 -3.583925038558257E-003  6.397850697076376E-003
  2.055247904598081E-003 -3.439836967454065E-003  6.117480140650429E-003
  1.977640881170801E-003 -3.302046767405886E-003  5.850824567603491E-003
  1.903137049753053E-003 -3.170247431957224E-003  5.597120253170386E-003
  1.831601835726617E-003 -3.044148978413601E-003  5.355652256935536E-003
  1.762907156040811E-003 -2.923477365520222E-003  5.125750863456470E-003
  1.696931063847657E-003 -2.807973489710766E-003  4.906788317040611E-003
  1.633557415407107E-003 -2.697392253487108E-003  4.698175821754369E-003
  1.572675557669933E-003 -2.591501700065107E-003  4.499360785616991E-003
  1.514180035074639E-003 -2.490082208989625E-003  4.309824280686652E-003
  1.457970314210905E-003 -2.392925747863908E-003  4.129078708942698E-003
  1.403950525109728E-003 -2.299835175752868E-003  3.956665648065619E-003
  1.352029218016989E-003 -2.210623594264489E-003  3.792153864387478E-003
  1.302119134595690E-003 -2.125113742623747E-003  3.635137478800519E-003
  1.254136992583386E-003 -2.043137433353436E-003  3.485234273777589E-003
  1.208003283005708E-003 -1.964535025508988E-003  3.342084124452952E-003
  1.163642079113848E-003 -1.889154932650509E-003  3.205347550305528E-003
  1.120980856276772E-003 -1.816853162951082E-003  3.074704372154675E-003
  1.079950322115501E-003 -1.747492889096102E-003  2.949852467548602E-003
  1.040484256218964E-003 -1.680944045788270E-003  2.830506617578558E-003
  1.002519358829116E-003 -1.617082952870030E-003  2.716397434961922E-003
  9.659951079268377E-004 -1.555791962214691E-003  2.607270371437626E-003
  9.308536241911802E-004 -1.496959126710697E-003  2.502884791383636E-003
  8.970395433410147E-004 -1.440477889786420E-003  2.403013114073150E-003
  8.644998954033644E-004 -1.386246794019665E-003  2.307440013740559E-003
  8.331839904840002E-004 -1.334169207539807E-003  2.215961674067737E-003
  8.030433106449385E-004 -1.284153066982297E-003  2.128385095977099E-003
  7.740314075210254E-004 -1.236110635874313E-003  2.044527449505874E-003
  7.461038053321230E-004 -1.189958277417488E-003  1.964215471418116E-003
  7.192179089709281E-004 -1.145616240690970E-003  1.887284901916986E-003
  6.933329168676110E-004 -1.103008459398973E-003  1.813579958333954E-003
  6.684097383520616E-004 -1.062062362324964E-003  1.742952844609459E-003
  6.444109152532446E-004 -1.022708694735585E-003  1.675263290734994E-003
  6.213005474915748E-004 -9.848813500236704E-004  1.610378123952379E-003
  5.990442224364843E-004 -9.485172109254205E-004  1.548170865954058E-003
  5.776089478156058E-004 -9.135559997144485E-004  1.488521355961801E-003
  5.569630879755991E-004 -8.799401367941803E-004  1.431315398175929E-003
  5.370763033074631E-004 -8.476146071586125E-004  1.376444430889516E-003
  5.179194926607214E-004 -8.165268342459019E-004  1.323805215240818E-003
  4.994647385815963E-004 -7.866265607150794E-004  1.273299545125997E-003
  4.816852552209259E-004 -7.578657357164162E-004  1.224833973254928E-003
  4.645553387666077E-004 -7.301984082804577E-004  1.178319553634524E-003
  4.480503202641428E-004 -7.035806264334792E-004  1.133671601694944E-003
  4.321465206975647E-004 -6.779703417031829E-004  1.090809465972832E-003
  4.168212082100647E-004 -6.533273187011347E-004  1.049656315468059E-003
  4.020525573511869E-004 -6.296130494714658E-004  1.010138938294610E-003
  3.878196102439991E-004 -6.067906723246867E-004  9.721875534576020E-004
  3.741022395720850E-004 -5.848248949016971E-004  9.357356316462916E-004
  3.608811132916127E-004 -5.636819212252287E-004  9.007197280968959E-004
  3.481376609796212E-004 -5.433293824924973E-004  8.670793247726093E-004
  3.358540417347166E-004 -5.237362714121362E-004  8.347566803310536E-004
  3.240131135508332E-004 -5.048728798797509E-004  8.036966901680394E-004
  3.125984040895772E-004 -4.867107397965454E-004  7.738467533699785E-004
  3.015940827806779E-004 -4.692225668633744E-004  7.451566473192213E-004
  2.909849341840210E-004 -4.523822071794883E-004  7.175784094763211E-004
  2.807563325505011E-004 -4.361645864918854E-004  6.910662253688879E-004
  2.708942175223052E-004 -4.205456619524511E-004  6.655763227790286E-004
  2.613850709165450E-004 -4.055023762377124E-004  6.410668723419875E-004
  2.522158945393126E-004 -3.910126139128166E-004  6.174978920164029E-004
  2.433741889797931E-004 -3.770551599137151E-004  5.948311586292444E-004
  2.348479333371959E-004 -3.636096600290536E-004  5.730301226386153E-004
  2.266255658354690E-004 -3.506565832871920E-004  5.520598278933684E-004
  2.186959652832391E-004 -3.381771861354924E-004  5.318868361990856E-004
  2.110484333388218E-004 -3.261534783217667E-004  5.124791549045342E-004
  2.036726775420284E-004 -3.145681903932259E-004  4.938061688205976E-004
  1.965587950766101E-004 -3.034047427211679E-004  4.758385757775056E-004
  1.896972572291095E-004 -2.926472159757595E-004  4.585483251138639E-004
  1.830788945115557E-004 -2.822803229779601E-004  4.419085595712852E-004
  1.766948824171421E-004 -2.722893818549859E-004  4.258935601743104E-004
  1.705367277796545E-004 -2.626602904346689E-004  4.104786937428171E-004
  1.645962557088225E-004 -2.533795018155024E-004  3.956403632600879E-004
  1.588655970752396E-004 -2.444340010530278E-004  3.813559605407302E-004
  1.533371765197740E-004 -2.358112829070368E-004  3.676038214214573E-004
  1.480037009636756E-004 -2.274993305964172E-004  3.543631830475605E-004
  1.428581485967479E-004 -2.194865955113982E-004  3.416141434277113E-004
  1.378937583221004E-004 -2.117619778363525E-004  3.293376227892227E-004
  1.331040196370072E-004 -2.043148080396320E-004  3.175153269132341E-004
  1.284826629304289E-004 -1.971348291855304E-004  3.061297123904352E-004
  1.240236501787352E-004 -1.902121800293545E-004  2.951639533454519E-004
  1.197211660219921E-004 -1.835373788610100E-004  2.846019096972315E-004
  1.155696092040327E-004 -1.771013080557915E-004  2.744280974717704E-004
  1.115635843604433E-004 -1.708951993015676E-004  2.646276597384089E-004
  1.076978941391861E-004 -1.649106194712225E-004  2.551863396272750E-004
  1.039675316394448E-004 -1.591394571063016E-004  2.460904542232982E-004
  1.003676731548937E-004 -1.535739094864590E-004  2.373268697901867E-004
  9.689367120824619E-005 -1.482064702548590E-004  2.288829782567990E-004
  9.354104786458250E-005 -1.430299175751060E-004  2.207466745628471E-004
  9.030548831148860E-005 -1.380373027940817E-004  2.129063353706443E-004
  8.718283469465925E-005 -1.332219395872458E-004  2.053507984471172E-004
  8.416908019807938E-005 -1.285773935649291E-004  1.980693432404527E-004
  8.126036335844392E-005 -1.240974723175895E-004  1.910516721756940E-004
  7.845296260392290E-005 -1.197762158803917E-004  1.842878929370833E-004
  7.574329100784974E-005 -1.156078875980630E-004  1.777685014182414E-004
  7.312789124831275E-005 -1.115869653721260E-004  1.714843655590830E-004
  7.060343076506582E-005 -1.077081332719263E-004  1.654267099101016E-004
  6.816669710555558E-005 -1.039662734952226E-004  1.595871007055285E-004
  6.581459345219272E-005 -1.003564586611408E-004  1.539574319213176E-004
  6.354413432341516E-005 -9.687394442069592E-005  1.485299116336252E-004
  6.135244144135709E-005 -9.351416237190136E-005  1.432970492041917E-004
  5.923673975929707E-005 -9.027271326466485E-005  1.382516429244174E-004
  5.719435364234365E-005 -8.714536048367356E-005  1.333867682254453E-004
  5.522270319510612E-005 -8.412802379644939E-005  1.286957664356944E-004
  5.331930073037999E-005 -8.121677335521562E-005  1.241722339775547E-004
  5.148174737312661E-005 -7.840782394151674E-005  1.198100120853674E-004
  4.970772979428622E-005 -7.569752944298688E-005  1.156031769234845E-004
  4.799501706918922E-005 -7.308237755199419E-005  1.115460301959139E-004
  4.634145765557623E-005 -7.055898467696045E-005  1.076330900643120E-004
  4.474497648642516E-005 -6.812409105698318E-005  1.038590825712037E-004
  4.320357217301935E-005 -6.577455607074134E-005  1.002189333414885E-004
  4.171531431386803E-005 -6.350735373182686E-005  9.670775968825295E-005
  4.027834090528640E-005 -6.131956836213466E-005  9.332086304094598E-005
  3.889085584961916E-005 -5.920839043610123E-005  9.005372167750756E-005
  3.755112655725952E-005 -5.717111258809637E-005  8.690198382094225E-005
  3.625748163879431E-005 -5.520512577578362E-005  8.386146099545778E-005
  3.500830868374968E-005 -5.330791559385684E-005  8.092812160883552E-005
  3.380205212255115E-005 -5.147705873082282E-005  7.809808494523963E-005
  3.263721116848862E-005 -4.971021956256994E-005  7.536761529131268E-005
  3.151233783658552E-005 -4.800514687787423E-005  7.273311635014969E-005
  3.042603503640865E-005 -4.635967072948679E-005  7.019112591946720E-005
  2.937695473599154E-005 -4.477169940540704E-005  6.773831077422002E-005
  2.836379619415935E-005 -4.323921651551187E-005  6.537146176430539E-005
  2.738530425865470E-005 -4.176027818875652E-005  6.308748911271038E-005
  2.644026772757837E-005 -4.033301037544692E-005  6.088341799098612E-005
  2.552751777177990E-005 -3.895560625070314E-005  5.875638415441432E-005
  2.464592641590674E-005 -3.762632371475025E-005  5.670362989652700E-005
  2.379440507594806E-005 -3.634348298516771E-005  5.472250010716064E-005
  2.297190315119164E-005 -3.510546427761018E-005  5.281043852988611E-005
  2.217740666860510E-005 -3.391070557101091E-005  5.096498416649967E-005
  2.140993697773909E-005 -3.275770045334065E-005  4.918376787558227E-005
  2.066854949434401E-005 -3.164499604414452E-005  4.746450910507695E-005
  1.995233249096741E-005 -3.057119099079152E-005  4.580501275713078E-005
  1.926040593287615E-005 -2.953493353461532E-005  4.420316625255409E-005
  1.859192035773504E-005 -2.853491964386256E-005  4.265693666355177E-005
  1.794605579753416E-005 -2.756989121028060E-005  4.116436805332506E-005
  1.732202074134164E-005 -2.663863430622924E-005  3.972357887943755E-005
  1.671905113751632E-005 -2.573997749939992E-005  3.833275958671683E-005
  1.613640943409171E-005 -2.487279022239497E-005  3.699017024927496E-005
  1.557338365609403E-005 -2.403598119432944E-005  3.569413840986227E-005
  1.502928651863495E-005 -2.322849689174173E-005  3.444305695760499E-005
  1.450345457466229E-005 -2.244932006677970E-005  3.323538214396560E-005
  1.399524739631611E-005 -2.169746830967456E-005  3.206963172004051E-005
  1.350404678889338E-005 -2.097199265369819E-005  3.094438310909574E-005
  1.302925603646444E-005 -2.027197622047314E-005  2.985827172915077E-005
  1.257029917824047E-005 -1.959653290348126E-005  2.880998935245055E-005
  1.212662031482803E-005 -1.894480608823812E-005  2.779828256124518E-005
  1.169768294354704E-005 -1.831596740753189E-005  2.682195124636212E-005
  1.128296932201952E-005 -1.770921553031577E-005  2.587984718551803E-005
  1.088197985926890E-005 -1.712377498324367E-005  2.497087262964876E-005
  1.049423253358511E-005 -1.655889500405657E-005  2.409397895006834E-005
  1.011926233643255E-005 -1.601384842615291E-005  2.324816528269369E-005
  9.756620741681648E-006 -1.548793059446537E-005  2.243247716459099E-005
  9.405875199442592E-006 -1.498045831263579E-005  2.164600517889703E-005
  9.066608653775715E-006 -1.449076882221829E-005  2.088788352796966E-005
  8.738419083525154E-006 -1.401821881514750E-005  2.015728857086768E-005
  8.420919065496394E-006 -1.356218348081959E-005  1.945343727943626E-005
  8.113735359154376E-006 -1.312205559027478E-005  1.877558555962935E-005
  7.816508511956169E-006 -1.269724462006452E-005  1.812302648322731E-005
  7.528892484371987E-006 -1.228717591899529E-005  1.749508833189332E-005
  7.250554293558117E-006 -1.189128992199707E-005  1.689113245992522E-005
  6.981173674547194E-006 -1.150904141547387E-005  1.631055095983250E-005
  6.720442757713306E-006 -1.113989885930559E-005  1.575276407607642E-005
  6.468065761141253E-006 -1.078334377123168E-005  1.521721737292876E-005
  6.223758696394753E-006 -1.043887017975106E-005  1.470337861535713E-005
  5.987249086030139E-006 -1.010598415211195E-005  1.421073436591517E-005
  5.758275691050236E-006 -9.784203404061115E-006  1.373878628632055E-005
  5.536588246336851E-006 -9.473056998248080E-006  1.328704713540552E-005
  5.321947201943533E-006 -9.172085137814089E-006  1.285503650352245E-005
  5.114123467986664E-006 -8.880839061285754E-006  1.244227627892312E-005
  4.912898160737042E-006 -8.598881044181550E-006  1.204828591242468E-005
  4.718062347405428E-006 -8.325784511443090E-006  1.167257752662029E-005
  4.529416787036226E-006 -8.061134263329299E-006  1.131465095140886E-005
  4.346771664885399E-006 -7.804526815402153E-006  1.097398877859832E-005
  4.169946317670311E-006 -7.555570850898904E-006  1.065005154553436E-005
  3.998768947151271E-006 -7.313887780782429E-006  1.034227319867025E-005
  3.833076319649797E-006 -7.079112403692170E-006  1.005005695274072E-005
  3.672713449325043E-006 -6.850893654493588E-006  9.772771736020582E-006
  3.517533263336818E-006 -6.628895426214723E-006  9.509749370738424E-006
  3.367396247415775E-006 -6.412797446445394E-006  9.260282662113674E-006
  3.222170070841478E-006 -6.202296185420133E-006  9.023624557275758E-006
  3.081729190395931E-006 -5.997105769452205E-006  8.798988521585130E-006
  2.945954433502388E-006 -5.796958870298066E-006  8.585550252952715E-006
  2.814732561466611E-006 -5.601607538587744E-006  8.382450825896329E-006
  2.687955814491318E-006 -5.410823947901278E-006  8.188801308667886E-006
  2.565521440910979E-006 -5.224401015678469E-006  8.003688844250141E-006
  2.447331213868061E-006 -5.042152867641282E-006  7.826184161677432E-006
  2.333290939393379E-006 -4.863915115372042E-006  7.655350293796530E-006
  2.223309960525988E-006 -4.689544917524509E-006  7.490252652915897E-006
  2.117300662690549E-006 -4.518920809568682E-006  7.329969060060214E-006
  2.015177985987603E-006 -4.351942259095440E-006  7.173603553286423E-006
  1.916858950389639E-006 -4.188529032706929E-006  7.020288944821092E-006
  1.822262199784556E-006 -4.028620036080229E-006  6.869230023511329E-006
  1.731307571380176E-006 -3.872172826976900E-006  6.719601901036638E-006
  1.643915694239669E-006 -3.719159623473885E-006  6.570956086903140E-006
  1.560007629680372E-006 -3.569574508299774E-006  6.421841932092745E-006
  1.479504529639180E-006 -3.423400808110928E-006  6.274644346186583E-006
  1.402327425576590E-006 -3.280715023551827E-006  6.118885429824141E-006
  1.328396735861619E-006 -3.141323400732617E-006  5.988517092960388E-006
  1.257633076070106E-006 -3.005978639491736E-006  5.767379499325211E-006
  1.189953337521184E-006 -2.872323227856036E-006  5.841782050653231E-006
  1.125285046868756E-006 -2.748134080959259E-006  4.945150191255302E-006
  1.063511270473428E-006 -2.609068048091328E-006  7.133971947688516E-006
  1.004680481680782E-006 -2.528962872718917E-006 -1.761248204623399E-007
  9.482069007407604E-007 -2.297895915302079E-006  2.024634573172359E-005
  8.959175097545769E-007 -2.450001028957557E-006 -3.345802803769177E-005
  8.404455668708362E-007 -1.942145767540375E-006  7.756977556549505E-005
  8.094349094932679E-007 -1.049090723120365E-006  0.000000000000000E+000
