  -23.0258509299405       0.999999977648258       2.530492916770608E+029
  -23.0028250790105       0.999999977648258       2.361593397712493E+029
  -22.9797992280806       0.999999977648258       2.203967195148964E+029
  -22.9567733771506       0.999999977648258       2.056861863688253E+029
  -22.9337475262207       0.999999977648258       1.919575180432377E+029
  -22.9107216752908       0.999999981373549       1.791451799515354E+029
  -22.8876958243608       0.999999981373549       1.671880096568214E+029
  -22.8646699734309       0.999999981373549       1.560289290539174E+029
  -22.8416441225009       0.999999981373549       1.456146690883172E+029
  -22.8186182715710       0.999999985098839       1.358955166920529E+029
  -22.7955924206411       0.999999985098839       1.268250754118877E+029
  -22.7725665697111       0.999999985098839       1.183600470770469E+029
  -22.7495407187812       0.999999985098839       1.104600229771884E+029
  -22.7265148678512       0.999999985098839       1.030872915095955E+029
  -22.7034890169213       0.999999985098839       9.620665815884324E+028
  -22.6804631659914       0.999999985098839       8.978527749204641E+028
  -22.6574373150614       0.999999985098839       8.379249636770360E+028
  -22.6344114641315       0.999999985098839       7.819970760967565E+028
  -22.6113856132015       0.999999985098839       7.298021344779626E+028
  -22.5883597622716       0.999999992549419       6.810909858069059E+028
  -22.5653339113416       0.999999985098839       6.356310870025367E+028
  -22.5423080604117       0.999999992549419       5.932054500851092E+028
  -22.5192822094818       0.999999992549419       5.536115375481430E+028
  -22.4962563585518       0.999999992549419       5.166603483876395E+028
  -22.4732305076219       0.999999992549419       4.821754921840364E+028
  -22.4502046566919       0.999999992549419       4.499923518196581E+028
  -22.4271788057620       0.999999992549419       4.199572976614488E+028
  -22.4041529548321       0.999999992549419       3.919269541936293E+028
  -22.3811271039021       0.999999992549419       3.657675155994700E+028
  -22.3581012529722       0.999999992549419       3.413541070250361E+028
  -22.3350754020422       0.999999992549419       3.185701884758312E+028
  -22.3120495511123       0.999999992549419       2.973069985007776E+028
  -22.2890237001824       0.999999992549419       2.774630350078954E+028
  -22.2659978492524       0.999999992549419       2.589435707333045E+028
  -22.2429719983225       0.999999985098839       2.416601992500775E+028
  -22.2199461473925       0.999999985098839       2.255304202815927E+028
  -22.1969202964626       0.999999985098839       2.104772346883494E+028
  -22.1738944455327       0.999999985098839       1.964287844927598E+028
  -22.1508685946027        1.00000000000000       1.833180106598447E+028
  -22.1278427436728       0.999999985098839       1.710823193125235E+028
  -22.1048168927428        1.00000000000000       1.596633126679055E+028
  -22.0817910418129        1.00000000000000       1.490064732268175E+028
  -22.0587651908830        1.00000000000000       1.390609319855192E+028
  -22.0357393399530        1.00000000000000       1.297792128483237E+028
  -22.0127134890231        1.00000000000000       1.211170085447462E+028
  -21.9896876380931        1.00000000000000       1.130329691240504E+028
  -21.9666617871632        1.00000000000000       1.054885045668735E+028
  -21.9436359362333        1.00000000000000       9.844760057167778E+027
  -21.9206100853033       0.999999985098839       9.187664526759389E+027
  -21.8975842343734        1.00000000000000       8.574427561647079E+027
  -21.8745583834434        1.00000000000000       8.002121398779397E+027
  -21.8515325325135        1.00000000000000       7.468014210910509E+027
  -21.8285066815836        1.00000000000000       6.969556380745282E+027
  -21.8054808306536        1.00000000000000       6.504368466977646E+027
  -21.7824549797237        1.00000000000000       6.070229845775223E+027
  -21.7594291287937        1.00000000000000       5.665068110395984E+027
  -21.7364032778638        1.00000000000000       5.286949178334938E+027
  -21.7133774269338        1.00000000000000       4.934068058776147E+027
  -21.6903515760039        1.00000000000000       4.604740236277901E+027
  -21.6673257250740        1.00000000000000       4.297393629559305E+027
  -21.6442998741440        1.00000000000000       4.010561087003813E+027
  -21.6212740232141        1.00000000000000       3.742873383055366E+027
  -21.5982481722841        1.00000000000000       3.493052682075005E+027
  -21.5752223213542        1.00000000000000       3.259906438456964E+027
  -21.5521964704243        1.00000000000000       3.042321703885764E+027
  -21.5291706194943        1.00000000000000       2.839259814559419E+027
  -21.5061447685644        1.00000000000000       2.649751433017646E+027
  -21.4831189176344        1.00000000000000       2.472891920906710E+027
  -21.4600930667045        1.00000000000000       2.307837020592319E+027
  -21.4370672157746        1.00000000000000       2.153798825006297E+027
  -21.4140413648446        1.00000000000000       2.010042016488634E+027
  -21.3910155139147        1.00000000000000       1.875880356670674E+027
  -21.3679896629847        1.00000000000000       1.750673410643501E+027
  -21.3449638120548        1.00000000000000       1.633823489773984E+027
  -21.3219379611249        1.00000000000000       1.524772798574720E+027
  -21.2989121101949        1.00000000000000       1.423000772008122E+027
  -21.2758862592650        1.00000000000000       1.328021590514019E+027
  -21.2528604083350        1.00000000000000       1.239381860898469E+027
  -21.2298345574051        1.00000000000000       1.156658452013274E+027
  -21.2068087064752        1.00000000000000       1.079456474894579E+027
  -21.1837828555452        1.00000000000000       1.007407397718525E+027
  -21.1607570046153        1.00000000000000       9.401672865755187E+026
  -21.1377311536853        1.00000000000000       8.774151636652402E+026
  -21.1147053027554        1.00000000000000       8.188514750750814E+026
  -21.0916794518255        1.00000000000000       7.641966608277800E+026
  -21.0686536008955        1.00000000000000       7.131898203722254E+026
  -21.0456277499656        1.00000000000000       6.655874671470129E+026
  -21.0226018990356        1.00000000000000       6.211623662715260E+026
  -20.9995760481057        1.00000000000000       5.797024498161377E+026
  -20.9765501971758        1.00000000000000       5.410098044734625E+026
  -20.9535243462458        1.00000000000000       5.048997267981929E+026
  -20.9304984953159        1.00000000000000       4.711998415056395E+026
  -20.9074726443859        1.00000000000000       4.397492786199986E+026
  -20.8844467934560        1.00000000000000       4.103979055444881E+026
  -20.8614209425261        1.00000000000000       3.830056103874709E+026
  -20.8383950915961        1.00000000000000       3.574416331234841E+026
  -20.8153692406662        1.00000000000000       3.335839413963919E+026
  -20.7923433897362        1.00000000000000       3.113186479849942E+026
  -20.7693175388063        1.00000000000000       2.905394671503005E+026
  -20.7462916878764        1.00000000000000       2.711472072692841E+026
  -20.7232658369464        1.00000000000000       2.530492973331526E+026
  -20.7002399860165        1.00000000000000       2.361593450498213E+026
  -20.6772141350865        1.00000000000000       2.203967244411463E+026
  -20.6541882841566        1.00000000000000       2.056861909662691E+026
  -20.6311624332266        1.00000000000000       1.919575223338220E+026
  -20.6081365822967        1.00000000000000       1.791451832883739E+026
  -20.5851107313668        1.00000000000000       1.671880127709402E+026
  -20.5620848804368        1.00000000000000       1.560289319601823E+026
  -20.5390590295069        1.00000000000000       1.456146718006012E+026
  -20.5160331785769        1.00000000000000       1.358955187170535E+026
  -20.4930073276470        1.00000000000000       1.268250773017282E+026
  -20.4699814767171        1.00000000000000       1.183600488407487E+026
  -20.4469556257871        1.00000000000000       1.104600246231707E+026
  -20.4239297748572        1.00000000000000       1.030872930457156E+026
  -20.4009039239272        1.00000000000000       9.620665959243383E+025
  -20.3778780729973        1.00000000000000       8.978527882995103E+025
  -20.3548522220674        1.00000000000000       8.379249761630884E+025
  -20.3318263711374        1.00000000000000       7.819970877494189E+025
  -20.3088005202075        1.00000000000000       7.298021453528672E+025
  -20.2857746692775        1.00000000000000       6.810909908814343E+025
  -20.2627488183476        1.00000000000000       6.356310964741830E+025
  -20.2397229674177        1.00000000000000       5.932054545048385E+025
  -20.2166971164877        1.00000000000000       5.536115416728745E+025
  -20.1936712655578        1.00000000000000       5.166603522370629E+025
  -20.1706454146278        1.00000000000000       4.821754957765274E+025
  -20.1476195636979        1.00000000000000       4.499923551723658E+025
  -20.1245937127680        1.00000000000000       4.199573007903776E+025
  -20.1015678618380        1.00000000000000       3.919269571137156E+025
  -20.0785420109081        1.00000000000000       3.657675183246529E+025
  -20.0555161599781        1.00000000000000       3.413541095683248E+025
  -20.0324903090482        1.00000000000000       3.185701908493665E+025
  -20.0094644581183        1.00000000000000       2.973070007158864E+025
  -19.9864386071883        1.00000000000000       2.774630370751551E+025
  -19.9634127562584        1.00000000000000       2.589435726625836E+025
  -19.9403869053284        1.00000000000000       2.416602028510944E+025
  -19.9173610543985        1.00000000000000       2.255304236422572E+025
  -19.8943352034686        1.00000000000000       2.104772378247040E+025
  -19.8713093525386        1.00000000000000       1.964287874197761E+025
  -19.8482835016087        1.00000000000000       1.833180106598441E+025
  -19.8252576506787        1.00000000000000       1.710823218618482E+025
  -19.8022317997488        1.00000000000000       1.596633126679049E+025
  -19.7792059488189        1.00000000000000       1.490064732268170E+025
  -19.7561800978889        1.00000000000000       1.390609319855187E+025
  -19.7331542469590        1.00000000000000       1.297792128483232E+025
  -19.7101283960290        1.00000000000000       1.211170085447458E+025
  -19.6871025450991        1.00000000000000       1.130329691240499E+025
  -19.6640766941692        1.00000000000000       1.054885045668732E+025
  -19.6410508432392        1.00000000000000       9.844760057167743E+024
  -19.6180249923093        1.00000000000000       9.187664663666233E+024
  -19.5949991413793        1.00000000000000       8.574427561647052E+024
  -19.5719732904494        1.00000000000000       8.002121398779369E+024
  -19.5489474395194        1.00000000000000       7.468014210910483E+024
  -19.5259215885895        1.00000000000000       6.969556380745259E+024
  -19.5028957376596        1.00000000000000       6.504368466977626E+024
  -19.4798698867296        1.00000000000000       6.070229845775202E+024
  -19.4568440357997        1.00000000000000       5.665068110395965E+024
  -19.4338181848697        1.00000000000000       5.286949178334920E+024
  -19.4107923339398        1.00000000000000       4.934068058776182E+024
  -19.3877664830099        1.00000000000000       4.604740236277936E+024
  -19.3647406320799        1.00000000000000       4.297393629559335E+024
  -19.3417147811500        1.00000000000000       4.010561087003843E+024
  -19.3186889302200        1.00000000000000       3.742873383055394E+024
  -19.2956630792901        1.00000000000000       3.493052682075031E+024
  -19.2726372283602        1.00000000000000       3.259906438456954E+024
  -19.2496113774302        1.00000000000000       3.042321703885754E+024
  -19.2265855265003        1.00000000000000       2.839259814559410E+024
  -19.2035596755703        1.00000000000000       2.649751433017637E+024
  -19.1805338246404        1.00000000000000       2.472891920906700E+024
  -19.1575079737105        1.00000000000000       2.307837020592312E+024
  -19.1344821227805        1.00000000000000       2.153798825006290E+024
  -19.1114562718506        1.00000000000000       2.010042016488626E+024
  -19.0884304209206        1.00000000000000       1.875880356670667E+024
  -19.0654045699907        1.00000000000000       1.750673410643494E+024
  -19.0423787190608        1.00000000000000       1.633823489773978E+024
  -19.0193528681308        1.00000000000000       1.524772798574715E+024
  -18.9963270172009        1.00000000000000       1.423000772008117E+024
  -18.9733011662709        1.00000000000000       1.328021590514014E+024
  -18.9502753153410        1.00000000000000       1.239381860898465E+024
  -18.9272494644111        1.00000000000000       1.156658452013271E+024
  -18.9042236134811        1.00000000000000       1.079456474894575E+024
  -18.8811977625512        1.00000000000000       1.007407397718522E+024
  -18.8581719116212        1.00000000000000       9.401672865755155E+023
  -18.8351460606913        1.00000000000000       8.774151636652372E+023
  -18.8121202097614        1.00000000000000       8.188514750750787E+023
  -18.7890943588314        1.00000000000000       7.641966608277775E+023
  -18.7660685079015        1.00000000000000       7.131898203722230E+023
  -18.7430426569715        1.00000000000000       6.655874671470109E+023
  -18.7200168060416        1.00000000000000       6.211623662715240E+023
  -18.6969909551117        1.00000000000000       5.797024498161357E+023
  -18.6739651041817        1.00000000000000       5.410098044734607E+023
  -18.6509392532518        1.00000000000000       5.048997267981966E+023
  -18.6279134023218        1.00000000000000       4.711998415056427E+023
  -18.6048875513919        1.00000000000000       4.397492786200018E+023
  -18.5818617004619        1.00000000000000       4.103979055444912E+023
  -18.5588358495320        1.00000000000000       3.830056103874738E+023
  -18.5358099986021        1.00000000000000       3.574416331234867E+023
  -18.5127841476721        1.00000000000000       3.335839413963943E+023
  -18.4897582967422        1.00000000000000       3.113186479849965E+023
  -18.4667324458122        1.00000000000000       2.905394671503025E+023
  -18.4437065948823        1.00000000000000       2.711472072692860E+023
  -18.4206807439524        1.00000000000000       2.530492973331545E+023
  -18.3976548930224        1.00000000000000       2.361593450498230E+023
  -18.3746290420925        1.00000000000000       2.203967244411480E+023
  -18.3516031911625        1.00000000000000       2.056861909662707E+023
  -18.3285773402326        1.00000000000000       1.919575223338234E+023
  -18.3055514893027        1.00000000000000       1.791451832883752E+023
  -18.2825256383727        1.00000000000000       1.671880127709397E+023
  -18.2594997874428        1.00000000000000       1.560289319601818E+023
  -18.2364739365128        1.00000000000000       1.456146718006007E+023
  -18.2134480855829        1.00000000000000       1.358955187170530E+023
  -18.1904222346530        1.00000000000000       1.268250773017278E+023
  -18.1673963837230        1.00000000000000       1.183600488407483E+023
  -18.1443705327931        1.00000000000000       1.104600246231703E+023
  -18.1213446818631        1.00000000000000       1.030872930457153E+023
  -18.0983188309332        1.00000000000000       9.620665959243352E+022
  -18.0752929800033        1.00000000000000       8.978527882995071E+022
  -18.0522671290733        1.00000000000000       8.379249761630857E+022
  -18.0292412781434        1.00000000000000       7.819970877494161E+022
  -18.0062154272134        1.00000000000000       7.298021453528649E+022
  -17.9831895762835        1.00000000000000       6.810909908814318E+022
  -17.9601637253536        1.00000000000000       6.356310964741809E+022
  -17.9371378744236        1.00000000000000       5.932054545048366E+022
  -17.9141120234937        1.00000000000000       5.536115416728729E+022
  -17.8910861725637        1.00000000000000       5.166603522370614E+022
  -17.8680603216338        1.00000000000000       4.821754957765258E+022
  -17.8450344707039        1.00000000000000       4.499923551723642E+022
  -17.8220086197739        1.00000000000000       4.199573007903762E+022
  -17.7989827688440        1.00000000000000       3.919269571137144E+022
  -17.7759569179140        1.00000000000000       3.657675183246518E+022
  -17.7529310669841        1.00000000000000       3.413541095683237E+022
  -17.7299052160542        1.00000000000000       3.185701908493653E+022
  -17.7068793651242        1.00000000000000       2.973070007158886E+022
  -17.6838535141943        1.00000000000000       2.774630370751573E+022
  -17.6608276632643        1.00000000000000       2.589435726625855E+022
  -17.6378018123344        1.00000000000000       2.416602028510936E+022
  -17.6147759614044        1.00000000000000       2.255304236422564E+022
  -17.5917501104745        1.00000000000000       2.104772378247033E+022
  -17.5687242595446        1.00000000000000       1.964287874197755E+022
  -17.5456984086146        1.00000000000000       1.833180106598434E+022
  -17.5226725576847        1.00000000000000       1.710823218618475E+022
  -17.4996467067547        1.00000000000000       1.596633126679044E+022
  -17.4766208558248        1.00000000000000       1.490064732268165E+022
  -17.4535950048949        1.00000000000000       1.390609319855183E+022
  -17.4305691539649        1.00000000000000       1.297792128483228E+022
  -17.4075433030350        1.00000000000000       1.211170085447454E+022
  -17.3845174521050        1.00000000000000       1.130329691240496E+022
  -17.3614916011751        1.00000000000000       1.054885045668728E+022
  -17.3384657502452        1.00000000000000       9.844760057167709E+021
  -17.3154398993152        1.00000000000000       9.187664663666199E+021
  -17.2924140483853        1.00000000000000       8.574427561647024E+021
  -17.2693881974553        1.00000000000000       8.002121398779346E+021
  -17.2463623465254        1.00000000000000       7.468014210910461E+021
  -17.2233364955955        1.00000000000000       6.969556380745235E+021
  -17.2003106446655        1.00000000000000       6.504368466977603E+021
  -17.1772847937356        1.00000000000000       6.070229845775182E+021
  -17.1542589428056        1.00000000000000       5.665068110395945E+021
  -17.1312330918757        1.00000000000000       5.286949178334901E+021
  -17.1082072409458        1.00000000000000       4.934068058776166E+021
  -17.0851813900158        1.00000000000000       4.604740236277920E+021
  -17.0621555390859        1.00000000000000       4.297393629559322E+021
  -17.0391296881559        1.00000000000000       4.010561087003830E+021
  -17.0161038372260        1.00000000000000       3.742873383055381E+021
  -16.9930779862961        1.00000000000000       3.493052682075019E+021
  -16.9700521353661        1.00000000000000       3.259906438456976E+021
  -16.9470262844362        1.00000000000000       3.042321703885776E+021
  -16.9240004335062        1.00000000000000       2.839259814559432E+021
  -16.9009745825763        1.00000000000000       2.649751433017658E+021
  -16.8779487316464        1.00000000000000       2.472891920906720E+021
  -16.8549228807164        1.00000000000000       2.307837020592329E+021
  -16.8318970297865        1.00000000000000       2.153798825006305E+021
  -16.8088711788565        1.00000000000000       2.010042016488641E+021
  -16.7858453279266        1.00000000000000       1.875880356670681E+021
  -16.7628194769967        1.00000000000000       1.750673410643508E+021
  -16.7397936260667        1.00000000000000       1.633823489773991E+021
  -16.7167677751368        1.00000000000000       1.524772798574726E+021
  -16.6937419242068        1.00000000000000       1.423000772008127E+021
  -16.6707160732769        1.00000000000000       1.328021590514024E+021
  -16.6476902223470        1.00000000000000       1.239381860898473E+021
  -16.6246643714170        1.00000000000000       1.156658452013279E+021
  -16.6016385204871        1.00000000000000       1.079456474894572E+021
  -16.5786126695571        1.00000000000000       1.007407397718519E+021
  -16.5555868186272        1.00000000000000       9.401672865755127E+020
  -16.5325609676972        1.00000000000000       8.774151636652347E+020
  -16.5095351167673        1.00000000000000       8.188514750750758E+020
  -16.4865092658374        1.00000000000000       7.641966608277748E+020
  -16.4634834149074        1.00000000000000       7.131898203722206E+020
  -16.4404575639775        1.00000000000000       6.655874671470085E+020
  -16.4174317130475        1.00000000000000       6.211623662715221E+020
  -16.3944058621176        1.00000000000000       5.797024498161340E+020
  -16.3713800111877        1.00000000000000       5.410098044734589E+020
  -16.3483541602577        1.00000000000000       5.048997267981949E+020
  -16.3253283093278        1.00000000000000       4.711998415056414E+020
  -16.3023024583978        1.00000000000000       4.397492786200004E+020
  -16.2792766074679        1.00000000000000       4.103979055444899E+020
  -16.2562507565380        1.00000000000000       3.830056103874725E+020
  -16.2332249056080        1.00000000000000       3.574416331234855E+020
  -16.2101990546781        1.00000000000000       3.335839413963932E+020
  -16.1871732037481        1.00000000000000       3.113186479849954E+020
  -16.1641473528182        1.00000000000000       2.905394671503016E+020
  -16.1411215018883        1.00000000000000       2.711472072692851E+020
  -16.1180956509583        1.00000000000000       2.530492973331536E+020
  -16.0950698000284        1.00000000000000       2.361593450498223E+020
  -16.0720439490984        1.00000000000000       2.203967244411472E+020
  -16.0490180981685        1.00000000000000       2.056861909662700E+020
  -16.0259922472386        1.00000000000000       1.919575223338227E+020
  -16.0029663963086        1.00000000000000       1.791451832883746E+020
  -15.9799405453787        1.00000000000000       1.671880127709409E+020
  -15.9569146944487        1.00000000000000       1.560289319601821E+020
  -15.9338888435188        1.00000000000000       1.456146718006010E+020
  -15.9108629925889        1.00000000000000       1.358955187170532E+020
  -15.8878371416589        1.00000000000000       1.268250773017280E+020
  -15.8648112907290        1.00000000000000       1.183600488407486E+020
  -15.8417854397990        1.00000000000000       1.104600246231705E+020
  -15.8187595888691        1.00000000000000       1.030872930457155E+020
  -15.7957337379392        1.00000000000000       9.620665959243371E+019
  -15.7727078870092        1.00000000000000       8.978527882995089E+019
  -15.7496820360793        1.00000000000000       8.379249761630829E+019
  -15.7266561851493        1.00000000000000       7.819970877494138E+019
  -15.7036303342194        1.00000000000000       7.298021453528624E+019
  -15.6806044832895        1.00000000000000       6.810909908814295E+019
  -15.6575786323595        1.00000000000000       6.356310964741787E+019
  -15.6345527814296        1.00000000000000       5.932054545048347E+019
  -15.6115269304996        1.00000000000000       5.536115416728708E+019
  -15.5885010795697        1.00000000000000       5.166603522370595E+019
  -15.5654752286397        1.00000000000000       4.821754957765244E+019
  -15.5424493777098        1.00000000000000       4.499923551723627E+019
  -15.5194235267799        1.00000000000000       4.199573007903747E+019
  -15.4963976758499        1.00000000000000       3.919269571137130E+019
  -15.4733718249200        1.00000000000000       3.657675183246506E+019
  -15.4503459739900        1.00000000000000       3.413541095683226E+019
  -15.4273201230601        1.00000000000000       3.185701908493643E+019
  -15.4042942721302        1.00000000000000       2.973070007158876E+019
  -15.3812684212002        1.00000000000000       2.774630370751563E+019
  -15.3582425702703        1.00000000000000       2.589435726625846E+019
  -15.3352167193403        1.00000000000000       2.416602028510954E+019
  -15.3121908684104        1.00000000000000       2.255304236422581E+019
  -15.2891650174805        1.00000000000000       2.104772378247048E+019
  -15.2661391665505        1.00000000000000       1.964287874197770E+019
  -15.2431133156206        1.00000000000000       1.833180106598448E+019
  -15.2200874646906        1.00000000000000       1.710823218618488E+019
  -15.1970616137607        1.00000000000000       1.596633126679055E+019
  -15.1740357628308        1.00000000000000       1.490064732268176E+019
  -15.1510099119008        1.00000000000000       1.390609319855193E+019
  -15.1279840609709        1.00000000000000       1.297792128483230E+019
  -15.1049582100409        1.00000000000000       1.211170085447456E+019
  -15.0819323591110        1.00000000000000       1.130329691240498E+019
  -15.0589065081811        1.00000000000000       1.054885045668730E+019
  -15.0358806572511        1.00000000000000       9.844760057167733E+018
  -15.0128548063212        1.00000000000000       9.187664663666219E+018
  -14.9898289553912        1.00000000000000       8.574427561647039E+018
  -14.9668031044613        1.00000000000000       8.002121398779360E+018
  -14.9437772535314        1.00000000000000       7.468014210910473E+018
  -14.9207514026014        1.00000000000000       6.969556380745249E+018
  -14.8977255516715        1.00000000000000       6.504368466977617E+018
  -14.8746997007415        1.00000000000000       6.070229845775195E+018
  -14.8516738498116        1.00000000000000       5.665068110395957E+018
  -14.8286479988817        1.00000000000000       5.286949178334913E+018
  -14.8056221479517        1.00000000000000       4.934068058776151E+018
  -14.7825962970218        1.00000000000000       4.604740236277904E+018
  -14.7595704460918        1.00000000000000       4.297393629559308E+018
  -14.7365445951619        1.00000000000000       4.010561087003817E+018
  -14.7135187442320        1.00000000000000       3.742873383055369E+018
  -14.6904928933020        1.00000000000000       3.493052682075007E+018
  -14.6674670423721        1.00000000000000       3.259906438456966E+018
  -14.6444411914421        1.00000000000000       3.042321703885765E+018
  -14.6214153405122        1.00000000000000       2.839259814559422E+018
  -14.5983894895822        1.00000000000000       2.649751433017649E+018
  -14.5753636386523        1.00000000000000       2.472891920906711E+018
  -14.5523377877224        1.00000000000000       2.307837020592322E+018
  -14.5293119367924        1.00000000000000       2.153798825006298E+018
  -14.5062860858625        1.00000000000000       2.010042016488634E+018
  -14.4832602349325        1.00000000000000       1.875880356670675E+018
  -14.4602343840026        1.00000000000000       1.750673410643501E+018
  -14.4372085330727        1.00000000000000       1.633823489773985E+018
  -14.4141826821427        1.00000000000000       1.524772798574721E+018
  -14.3911568312128        1.00000000000000       1.423000772008115E+018
  -14.3681309802828        1.00000000000000       1.328021590514012E+018
  -14.3451051293529        1.00000000000000       1.239381860898463E+018
  -14.3220792784230        1.00000000000000       1.156658452013269E+018
  -14.2990534274930        1.00000000000000       1.079456474894574E+018
  -14.2760275765631        1.00000000000000       1.007407397718521E+018
  -14.2530017256331        1.00000000000000       9.401672865755144E+017
  -14.2299758747032        1.00000000000000       8.774151636652360E+017
  -14.2069500237733        1.00000000000000       8.188514750750775E+017
  -14.1839241728433        1.00000000000000       7.641966608277766E+017
  -14.1608983219134        1.00000000000000       7.131898203722221E+017
  -14.1378724709834        1.00000000000000       6.655874671470100E+017
  -14.1148466200535        1.00000000000000       6.211623662715233E+017
  -14.0918207691236        1.00000000000000       5.797024498161349E+017
  -14.0687949181936        1.00000000000000       5.410098044734599E+017
  -14.0457690672637        1.00000000000000       5.048997267981960E+017
  -14.0227432163337        1.00000000000000       4.711998415056422E+017
  -13.9997173654038        1.00000000000000       4.397492786200013E+017
  -13.9766915144739        1.00000000000000       4.103979055444907E+017
  -13.9536656635439        1.00000000000000       3.830056103874713E+017
  -13.9306398126140        1.00000000000000       3.574416331234844E+017
  -13.9076139616840        1.00000000000000       3.335839413963921E+017
  -13.8845881107541        1.00000000000000       3.113186479849944E+017
  -13.8615622598242        1.00000000000000       2.905394671503005E+017
  -13.8385364088942        1.00000000000000       2.711472072692842E+017
  -13.8155105579643        1.00000000000000       2.530492973331528E+017
  -13.7924847070343        1.00000000000000       2.361593450498214E+017
  -13.7694588561044        1.00000000000000       2.203967244411466E+017
  -13.7464330051745        1.00000000000000       2.056861909662694E+017
  -13.7234071542445        1.00000000000000       1.919575223338221E+017
  -13.7003813033146        1.00000000000000       1.791451832883740E+017
  -13.6773554523846        1.00000000000000       1.671880127709403E+017
  -13.6543296014547        1.00000000000000       1.560289319601824E+017
  -13.6313037505248        1.00000000000000       1.456146718006013E+017
  -13.6082778995948        1.00000000000000       1.358955187170535E+017
  -13.5852520486649        1.00000000000000       1.268250773017283E+017
  -13.5622261977349        1.00000000000000       1.183600488407488E+017
  -13.5392003468050        1.00000000000000       1.104600246231702E+017
  -13.5161744958750        1.00000000000000       1.030872930457151E+017
  -13.4931486449451        1.00000000000000       9.620665959243342E+016
  -13.4701227940152        1.00000000000000       8.978527882995059E+016
  -13.4470969430852        1.00000000000000       8.379249761630845E+016
  -13.4240710921553        1.00000000000000       7.819970877494150E+016
  -13.4010452412253        1.00000000000000       7.298021453528640E+016
  -13.3780193902954        1.00000000000000       6.810909908814313E+016
  -13.3549935393655        1.00000000000000       6.356310964741800E+016
  -13.3319676884355        1.00000000000000       5.932054545048358E+016
  -13.3089418375056        1.00000000000000       5.536115416728719E+016
  -13.2859159865756        1.00000000000000       5.166603522370606E+016
  -13.2628901356457        1.00000000000000       4.821754957765250E+016
  -13.2398642847158        1.00000000000000       4.499923551723637E+016
  -13.2168384337858        1.00000000000000       4.199573007903756E+016
  -13.1938125828559        1.00000000000000       3.919269571137138E+016
  -13.1707867319259        1.00000000000000       3.657675183246513E+016
  -13.1477608809960        1.00000000000000       3.413541095683233E+016
  -13.1247350300661        1.00000000000000       3.185701908493632E+016
  -13.1017091791361        1.00000000000000       2.973070007158867E+016
  -13.0786833282062        1.00000000000000       2.774630370751554E+016
  -13.0556574772762        1.00000000000000       2.589435726625838E+016
  -13.0326316263463        1.00000000000000       2.416602028510946E+016
  -13.0096057754164        1.00000000000000       2.255304236422574E+016
  -12.9865799244864        1.00000000000000       2.104772378247042E+016
  -12.9635540735565        1.00000000000000       1.964287874197762E+016
  -12.9405282226265        1.00000000000000       1.833180106598442E+016
  -12.9175023716966        1.00000000000000       1.710823218618483E+016
  -12.8944765207667        1.00000000000000       1.596633126679050E+016
  -12.8714506698367        1.00000000000000       1.490064732268171E+016
  -12.8484248189068        1.00000000000000       1.390609319855188E+016
  -12.8253989679768        1.00000000000000       1.297792128483233E+016
  -12.8023731170469        1.00000000000000       1.211170085447459E+016
  -12.7793472661170        1.00000000000000       1.130329691240500E+016
  -12.7563214151870        1.00000000000000       1.054885045668732E+016
  -12.7332955642571        1.00000000000000       9.844760057167752E+015
  -12.7102697133271        1.00000000000000       9.187664663666236E+015
  -12.6872438623972        1.00000000000000       8.574427561647012E+015
  -12.6642180114673        1.00000000000000       8.002121398779335E+015
  -12.6411921605373        1.00000000000000       7.468014210910451E+015
  -12.6181663096074        1.00000000000000       6.969556380745227E+015
  -12.5951404586774        1.00000000000000       6.504368466977596E+015
  -12.5721146077475        1.00000000000000       6.070229845775175E+015
  -12.5490887568175        1.00000000000000       5.665068110395940E+015
  -12.5260629058876        1.00000000000000       5.286949178334895E+015
  -12.5030370549577        1.00000000000000       4.934068058776160E+015
  -12.4800112040277        1.00000000000000       4.604740236277914E+015
  -12.4569853530978        1.00000000000000       4.297393629559316E+015
  -12.4339595021678        1.00000000000000       4.010561087003826E+015
  -12.4109336512379        1.00000000000000       3.742873383055376E+015
  -12.3879078003080        1.00000000000000       3.493052682075015E+015
  -12.3648819493780        1.00000000000000       3.259906438456972E+015
  -12.3418560984481        1.00000000000000       3.042321703885772E+015
  -12.3188302475181        1.00000000000000       2.839259814559427E+015
  -12.2958043965882        1.00000000000000       2.649751433017654E+015
  -12.2727785456583        1.00000000000000       2.472891920906704E+015
  -12.2497526947283        1.00000000000000       2.307837020592314E+015
  -12.2267268437984        1.00000000000000       2.153798825006292E+015
  -12.2037009928684        1.00000000000000       2.010042016488628E+015
  -12.1806751419385        1.00000000000000       1.875880356670670E+015
  -12.1576492910086        1.00000000000000       1.750673410643496E+015
  -12.1346234400786        1.00000000000000       1.633823489773980E+015
  -12.1115975891487        1.00000000000000       1.524772798574716E+015
  -12.0885717382187        1.00000000000000       1.423000772008118E+015
  -12.0655458872888        1.00000000000000       1.328021590514015E+015
  -12.0425200363589        1.00000000000000       1.239381860898466E+015
  -12.0194941854289        1.00000000000000       1.156658452013272E+015
  -11.9964683344990        1.00000000000000       1.079456474894576E+015
  -11.9734424835690        1.00000000000000       1.007407397718522E+015
  -11.9504166326391        1.00000000000000        940167286575516.     
  -11.9273907817092        1.00000000000000        877415163665238.     
  -11.9043649307792        1.00000000000000        818851475075079.     
  -11.8813390798493        1.00000000000000        764196660827778.     
  -11.8583132289193        1.00000000000000        713189820372220.     
  -11.8352873779894        1.00000000000000        665587467147008.     
  -11.8122615270595        1.00000000000000        621162366271521.     
  -11.7892356761295        1.00000000000000        579702449816133.     
  -11.7662098251996        1.00000000000000        541009804473458.     
  -11.7431839742696        1.00000000000000        504899726798194.     
  -11.7201581233397        1.00000000000000        471199841505641.     
  -11.6971322724098        1.00000000000000        439749278620000.     
  -11.6741064214798        1.00000000000000        410397905544489.     
  -11.6510805705499        1.00000000000000        383005610387472.     
  -11.6280547196199        1.00000000000000        357441633123485.     
  -11.6050288686900        1.00000000000000        333583941396393.     
  -11.5820030177600        1.00000000000000        311318647984995.     
  -11.5589771668301        1.00000000000000        290539467150301.     
  -11.5359513159002        1.00000000000000        271147207269285.     
  -11.5129254649702        1.00000000000000        253049297333153.     
  -11.4898996140403        1.00000000000000        236159345049822.     
  -11.4668737631103        1.00000000000000        220396724441147.     
  -11.4438479121804        1.00000000000000        205686190966269.     
  -11.4208220612505        1.00000000000000        191957522333821.     
  -11.3977962103205        1.00000000000000        179145183288373.     
  -11.3747703593906        1.00000000000000        167188012770940.     
  -11.3517445084606        1.00000000000000        156028931960182.     
  -11.3287186575307        1.00000000000000        145614671800601.     
  -11.3056928066008        1.00000000000000        135895518717053.     
  -11.2826669556708        1.00000000000000        126825077301728.     
  -11.2596411047409        1.00000000000000        118360048840748.     
  -11.2366152538109        1.00000000000000        110460024623170.     
  -11.2135894028810        1.00000000000000        103087293045715.     
  -11.1905635519511        1.00000000000000        96206659592433.6     
  -11.1675377010211        1.00000000000000        89785278829950.8     
  -11.1445118500912        1.00000000000000        83792497616308.6     
  -11.1214859991612        1.00000000000000        78199708774941.7     
  -11.0984601482313        1.00000000000000        72980214535286.5     
  -11.0754342973014        1.00000000000000        68109099088143.2     
  -11.0524084463714        1.00000000000000        63563109647418.1     
  -11.0293825954415        1.00000000000000        59320545450483.7     
  -11.0063567445115        1.00000000000000        55361154167287.0     
  -10.9833308935816        1.00000000000000        51666035223705.9     
  -10.9603050426517        1.00000000000000        48217549577652.4     
  -10.9372791917217        1.00000000000000        44999235517236.2     
  -10.9142533407918        1.00000000000000        41995730079037.4     
  -10.8912274898618        1.00000000000000        39192695711371.2     
  -10.8682016389319        1.00000000000000        36576751832465.0     
  -10.8451757880020        1.00000000000000        34135410956832.2     
  -10.8221499370720        1.00000000000000        31857019084936.4     
  -10.7991240861421        1.00000000000000        29730700071588.7     
  -10.7760982352121        1.00000000000000        27746303707515.6     
  -10.7530723842822        1.00000000000000        25894357266258.4     
  -10.7300465333523        1.00000000000000        24166020285109.5     
  -10.7070206824223        1.00000000000000        22553042364225.8     
  -10.6839948314924        1.00000000000000        21047723782470.5     
  -10.6609689805624        1.00000000000000        19642878741977.7     
  -10.6379431296325        1.00000000000000        18331801065984.5     
  -10.6149172787026        1.00000000000000        17108232186184.9     
  -10.5918914277726        1.00000000000000        15966331266790.4     
  -10.5688655768427        1.00000000000000        14900647322681.7     
  -10.5458397259127        1.00000000000000        13906093198551.8     
  -10.5228138749828        1.00000000000000        12977921284832.3     
  -10.4997880240528        1.00000000000000        12111700854474.5     
  -10.4767621731229        1.00000000000000        11303296912405.0     
  -10.4537363221930        1.00000000000000        10548850456687.3     
  -10.4307104712630        1.00000000000000        9844760057167.72     
  -10.4076846203331        1.00000000000000        9187664663666.21     
  -10.3846587694031        1.00000000000000        8574427561647.03     
  -10.3616329184732        1.00000000000000        8002121398779.35     
  -10.3386070675433        1.00000000000000        7468014210910.46     
  -10.3155812166133        1.00000000000000        6969556380745.24     
  -10.2925553656834        1.00000000000000        6504368466977.61     
  -10.2695295147534        1.00000000000000        6070229845775.19     
  -10.2465036638235        1.00000000000000        5665068110395.95     
  -10.2234778128936        1.00000000000000        5286949178334.91     
  -10.2004519619636        1.00000000000000        4934068058776.17     
  -10.1774261110337        1.00000000000000        4604740236277.90     
  -10.1544002601037        1.00000000000000        4297393629559.30     
  -10.1313744091738        1.00000000000000        4010561087003.81     
  -10.1083485582439        1.00000000000000        3742873383055.36     
  -10.0853227073139        1.00000000000000        3493052682075.00     
  -10.0622968563840        1.00000000000000        3259906438456.96     
  -10.0392710054540        1.00000000000000        3042321703885.76     
  -10.0162451545241        1.00000000000000        2839259814559.42     
  -9.99321930359416        1.00000000000000        2649751433017.65     
  -9.97019345266422        1.00000000000000        2472891920906.71     
  -9.94716760173428        1.00000000000000        2307837020592.32     
  -9.92414175080434        1.00000000000000        2153798825006.30     
  -9.90111589987440        1.00000000000000        2010042016488.63     
  -9.87809004894446        1.00000000000000        1875880356670.67     
  -9.85506419801452        1.00000000000000        1750673410643.50     
  -9.83203834708458        1.00000000000000        1633823489773.98     
  -9.80901249615463        1.00000000000000        1524772798574.72     
  -9.78598664522469        1.00000000000000        1423000772008.12     
  -9.76296079429475        1.00000000000000        1328021590514.01     
  -9.73993494336481        1.00000000000000        1239381860898.46     
  -9.71690909243487        1.00000000000000        1156658452013.27     
  -9.69388324150493        1.00000000000000        1079456474894.57     
  -9.67085739057499        1.00000000000000        1007407397718.52     
  -9.64783153964505        1.00000000000000        940167286575.513     
  -9.62480568871511        1.00000000000000        877415163665.235     
  -9.60177983778517        1.00000000000000        818851475075.076     
  -9.57875398685523        1.00000000000000        764196660827.776     
  -9.55572813592529        1.00000000000000        713189820372.221     
  -9.53270228499535        1.00000000000000        665587467147.009     
  -9.50967643406541        1.00000000000000        621162366271.522     
  -9.48665058313547        1.00000000000000        579702449816.134     
  -9.46362473220553        1.00000000000000        541009804473.459     
  -9.44059888127559        1.00000000000000        504899726798.195     
  -9.41757303034565        1.00000000000000        471199841505.642     
  -9.39454717941571        1.00000000000000        439749278620.001     
  -9.37152132848577        1.00000000000000        410397905544.490     
  -9.34849547755583        1.00000000000000        383005610387.473     
  -9.32546962662588        1.00000000000000        357441633123.484     
  -9.30244377569594        1.00000000000000        333583941396.392     
  -9.27941792476600        1.00000000000000        311318647984.994     
  -9.25639207383606        1.00000000000000        290539467150.300     
  -9.23336622290612        1.00000000000000        271147207269.284     
  -9.21034037197618        1.00000000000000        253049297333.152     
  -9.18731452104624        1.00000000000000        236159345049.821     
  -9.16428867011630        1.00000000000000        220396724441.146     
  -9.14126281918636        1.00000000000000        205686190966.269     
  -9.11823696825642        1.00000000000000        191957522333.822     
  -9.09521111732648        1.00000000000000        179145183288.374     
  -9.07218526639654        1.00000000000000        167188012770.940     
  -9.04915941546660        1.00000000000000        156028931960.182     
  -9.02613356453666        1.00000000000000        145614671800.601     
  -9.00310771360672        1.00000000000000        135895518717.053     
  -8.98008186267678        1.00000000000000        126825077301.728     
  -8.95705601174684        1.00000000000000        118360048840.749     
  -8.93403016081690        1.00000000000000        110460024623.171     
  -8.91100430988696        1.00000000000000        103087293045.715     
  -8.88797845895701        1.00000000000000        96206659592.4333     
  -8.86495260802707        1.00000000000000        89785278829.9505     
  -8.84192675709713        1.00000000000000        83792497616.3084     
  -8.81890090616719        1.00000000000000        78199708774.9414     
  -8.79587505523725        1.00000000000000        72980214535.2863     
  -8.77284920430731        1.00000000000000        68109099088.1430     
  -8.74982335337737        1.00000000000000        63563109647.4179     
  -8.72679750244743        1.00000000000000        59320545450.4835     
  -8.70377165151749        1.00000000000000        55361154167.2871     
  -8.68074580058755        1.00000000000000        51666035223.7060     
  -8.65771994965761        1.00000000000000        48217549577.6525     
  -8.63469409872767        1.00000000000000        44999235517.2363     
  -8.61166824779773        1.00000000000000        41995730079.0375     
  -8.58864239686779        1.00000000000000        39192695711.3713     
  -8.56561654593785        1.00000000000000        36576751832.4651     
  -8.54259069500791        1.00000000000000        34135410956.8323     
  -8.51956484407797        1.00000000000000        31857019084.9365     
  -8.49653899314803        1.00000000000000        29730700071.5886     
  -8.47351314221809        1.00000000000000        27746303707.5155     
  -8.45048729128815        1.00000000000000        25894357266.2584     
  -8.42746144035821        1.00000000000000        24166020285.1094     
  -8.40443558942827        1.00000000000000        22553042364.2257     
  -8.38140973849833        1.00000000000000        21047723782.4704     
  -8.35838388756838        1.00000000000000        19642878741.9776     
  -8.33535803663844        1.00000000000000        18331801065.9844     
  -8.31233218570850        1.00000000000000        17108232186.1848     
  -8.28930633477856        1.00000000000000        15966331266.7905     
  -8.26628048384862        1.00000000000000        14900647322.6817     
  -8.24325463291868        1.00000000000000        13906093198.5519     
  -8.22022878198874        1.00000000000000        12977921284.8323     
  -8.19720293105880        1.00000000000000        12111700854.4746     
  -8.17417708012886        1.00000000000000        11303296912.4050     
  -8.15115122919892        1.00000000000000        10548850456.6873     
  -8.12812537826898        1.00000000000000        9844760057.16774     
  -8.10509952733904        1.00000000000000        9187664663.66623     
  -8.08207367640910        1.00000000000000        8574427561.64705     
  -8.05904782547916        1.00000000000000        8002121398.77933     
  -8.03602197454922        1.00000000000000        7468014210.91044     
  -8.01299612361928        1.00000000000000        6969556380.74522     
  -7.98997027268934        1.00000000000000        6504368466.97759     
  -7.96694442175940        1.00000000000000        6070229845.77517     
  -7.94391857082946        1.00000000000000        5665068110.39593     
  -7.92089271989952        1.00000000000000        5286949178.33489     
  -7.89786686896958       0.999999985098839        4934067985.25281     
  -7.87484101803964       0.999999992549419        4604740201.96992     
  -7.85181516710970       0.999999981373549        4297393549.51412     
  -7.82878931617975       0.999999970197678        4010560967.47978     
  -7.80576346524981       0.999999949708581        3742873194.82096     
  -7.78273761431987       0.999999915249646        3493052386.03756     
  -7.75971176338993       0.999999856576324        3259905970.90920     
  -7.73668591245999       0.999999753665179        3042320954.45600     
  -7.71366006153005       0.999999571125954        2839258596.87458     
  -7.69063421060011       0.999999243067577        2649749427.33488     
  -7.66760835967017       0.999998644867446        2472888569.81037     
  -7.64458250874023       0.999997538834577        2307831340.62363     
  -7.62155665781029       0.999995463964297        2153789055.29792     
  -7.59853080688035       0.999991513184796        2010024957.63348     
  -7.57550495595041       0.999983875117323        1875850108.32000     
  -7.55247910502047       0.999968876769344        1750618924.03113     
  -7.52945325409053       0.999938953372293        1633723750.35966     
  -7.50642740316059       0.999878275790252        1524587196.81076     
  -7.48340155223065       0.999753186915541        1422649556.79839     
  -7.46037570130071       0.999490970572424        1327345588.44398     
  -7.43734985037077       0.998932084109072        1238058305.31428     
  -7.41432399944083       0.997721651459130        1154023180.91684     
  -7.39129814851089       0.995062832298999        1074127017.25209     
  -7.36827229758095       0.989167747391306        996494906.306567     
  -7.34524644665101       0.977495430490596        919009226.524309     
  -7.32222059572107       0.955279653355184        838176853.394710     
  -7.29919474479112       0.919319165194425        752785854.484244     
  -7.27616889386118       0.868718324141351        663871642.508723     
  -7.25314304293124       0.805113517258480        574198764.752824     
  -7.23011719200130       0.731816044874557        487087587.725597     
  -7.20709134107136       0.652847675370856        405524406.848222     
  -7.18406549014142       0.572146688482894        331674836.967721     
  -7.16103963921148       0.493072381719938        266756992.825566     
  -7.13801378828154       0.418203137823151        211150650.033056     
  -7.11498793735160       0.349331940254021        164605154.880553     
  -7.09196208642166       0.287555638108990        126452384.421542     
  -7.06893623549172       0.233391681285277        95783457.1709844     
  -7.04591038456178       0.186894222624324        71581535.8141210     
  -7.02288453363184       0.147762866238742        52816600.2233829     
  -6.99985868270190       0.115443794165450        38510195.8674648     
  -6.97683283177196       8.922224363076765E-002   27776548.2573184     
  -6.95380698084202       6.830342098689356E-002   19844839.5380747     
  -6.93078112991208       5.187858373408065E-002   14066733.0965817     
  -6.90775527898214       3.917433147257884E-002   9913037.05263210     
  -6.88472942805220       2.948519539379778E-002   6963204.43286530     
  -6.86170357712226       2.219147472272539E-002   4890928.33940718     
  -6.83867772619232       1.676543570684277E-002   3448418.61043038     
  -6.81565187526238       1.276937503367955E-002   2451177.59321649     
  -6.79262602433244       9.848781519260994E-003   1764361.77043516     
  -6.76960017340249       7.723094048610648E-003   1291208.74643029     
  -6.74657432247255       6.175593020818826E-003   963571.183259118     
  -6.72354847154261       5.043130191694258E-003   734353.747711264     
  -6.70052262061267       4.206020050434221E-003   571579.276488087     
  -6.67749676968273       3.578469466061748E-003   453839.666655156     
  -6.65447091875279       3.100052564135615E-003   366922.372899980     
  -6.63144506782285       2.728648889757993E-003   301406.623550656     
  -6.60841921689291       2.434984503931673E-003   251015.961118581     
  -6.58539336596297       2.198642640373765E-003   211524.064067847     
  -6.56236751503303       2.005263169800583E-003   180043.112827975     
  -6.53934166410309       1.844625611111587E-003   154565.787122048     
  -6.51631581317315       1.709353893147382E-003   133670.976637437     
  -6.49328996224321       1.594044531645231E-003   116333.711898269     
  -6.47026411131327       1.494678208114980E-003   101801.186181391     
  -6.44723826038333       1.408219788265896E-003   89510.8288092085     
  -6.42421240945339       1.332343715944224E-003   79035.3559573352     
  -6.40118655852345       1.265243274454468E-003   70045.3279761968     
  -6.37816070759350       1.205496424503684E-003   62283.2207304588     
  -6.35513485666356       1.151970204075326E-003   55545.1804269803     
  -6.33210900573362       1.103751712813455E-003   49667.9832774454     
  -6.30908315480368       1.060097644000314E-003   44519.5745148606     
  -6.28605730387374       1.020396915107081E-003   39992.1057986137     
  -6.26303145294380       9.841426615658899E-004   35996.7418998371     
  -6.24000560201386       9.509110040061721E-004   32459.7379051246     
  -6.21697975108392       9.203447728848332E-004   29319.4409945135     
  -6.19395390015398       8.921409025017476E-004   26523.9735938759     
  -6.17092804922404       8.660405706820180E-004   24029.4246971734     
  -6.14790219829410       8.418214144161986E-004   21798.4244592800     
  -6.12487634736416       8.192913307483801E-004   19799.0109182797     
  -6.10185049643422       7.982834996620096E-004   18003.7215865397     
  -6.07882464550428       7.786523574048596E-004   16388.8597412269     
  -6.05579879457434       7.602703153146608E-004   14933.8976148510     
  -6.03277294364440       7.430250680809329E-004   13620.9877350992     
  -6.00974709271446       7.268173715700643E-004   12434.5603497732     
  -5.98672124178452       7.115591973831712E-004   11360.9898613513     
  -5.96369539085458       6.971721916979198E-004   10388.3169516718     
  -5.94066953992464       6.835863814345864E-004   9506.01592949020     
  -5.91764368899470       6.707390826509935E-004   8704.79901730525     
  -5.89461783806476       6.585739752275087E-004   7976.45097849775     
  -5.87159198713482       6.470403150209160E-004   7313.68879497749     
  -5.84856613620488       6.360922602364727E-004   6710.04212989079     
  -5.82554028527494       6.256882931555360E-004   6159.75111669509     
  -5.80251443434500       6.157907218340714E-004   5657.67865520843     
  -5.77948858341506       6.063652491601919E-004   5199.23490482414     
  -5.75646273248511       5.973805988818578E-004   4780.31207352811     
  -5.73343688155517       5.888081900075848E-004   4397.22793047708     
  -5.71041103062523       5.806218524343856E-004   4046.67673643417     
  -5.68738517969529       5.727975778386761E-004   3725.68650325501     
  -5.66435932876535       5.653133008319578E-004   3431.58167092381     
  -5.64133347783541       5.581487061767021E-004   3161.95043622037     
  -5.61830762690547       5.512850585124354E-004   2914.61608713061     
  -5.59528177597553       5.447050515841458E-004   2687.61179647534     
  -5.57225592504559       5.383926744158647E-004   2479.15841080000     
  -5.54923007411565       5.323330922484322E-004   2287.64483943201     
  -5.52620422318571       5.265125403754667E-004   2111.61070624937     
  -5.50317837225577       5.209182292763012E-004   1949.73097510660     
  -5.48015252132583       5.155382596678795E-004   1800.80230064516     
  -5.45712667039589       5.103615462864097E-004   1663.73089067992     
  -5.43410081946595       5.053777493697729E-004   1537.52169556860     
  -5.41107496853601       5.005772129480083E-004   1421.26876480743     
  -5.38804911760607       4.959509091655327E-004   1314.14663226777     
  -5.36502326667613       4.914903879583008E-004   1215.40260958538     
  -5.34199741574619       4.871877314945367E-004   1124.34988272148     
  -5.31897156481624       4.830355128611394E-004   1040.36132003663     
  -5.29594571388630       4.790267585412341E-004   962.863911690234     
  -5.27291986295636       4.751549142831103E-004   891.333770079223     
  -5.24989401202642       4.714138140082496E-004   825.291629594282     
  -5.22686816109648       4.677976514473574E-004   764.298791395794     
  -5.20384231016654       4.643009542291811E-004   707.953465360940     
  -5.18081645923660       4.609185601781755E-004   655.887466966414     
  -5.15779060830666       4.576455956044141E-004   607.763231766308     
  -5.13476475737672       4.544774553930885E-004   563.271114401486     
  -5.11173890644678       4.514097847219308E-004   522.126942820113     
  -5.08871305551684       4.484384622533636E-004   484.069801671161     
  -5.06568720458690       4.455595846644369E-004   448.860021715346     
  -5.04266135365696       4.427694523919500E-004   416.277354633867     
  -5.01963550272702       4.400645564828375E-004   386.119314849659     
  -4.99660965179708       4.374415664511096E-004   358.199671947645     
  -4.97358380086714       4.348973190525895E-004   332.347079022942     
  -4.95055794993720       4.324288078975202E-004   308.403823828207     
  -4.92753209900726       4.300331738289726E-004   286.224690958017     
  -4.90450624807731       4.277076960019817E-004   265.675924521130     
  -4.88148039714737       4.254497836045864E-004   246.634281829321     
  -4.85845454621743       4.232569681675143E-004   228.986169590335     
  -4.83542869528749       4.211268964142578E-004   212.626854946929     
  -4.81240284435755       4.190573236077412E-004   197.459744465745     
  -4.78937699342761       4.170461073538015E-004   183.395724860112     
  -4.76635114249767       4.150912018252953E-004   170.352559839045     
  -4.74332529156773       4.131906523738900E-004   158.254338018859     
  -4.72029944063779       4.113425904995105E-004   147.030967321389     
  -4.69727358970785       4.095452291500416E-004   136.617711719959     
  -4.67424773877791       4.077968583262583E-004   126.954766586659     
  -4.65122188784797       4.060958409691027E-004   117.986869247116     
  -4.62819603691803       4.044406091083616E-004   109.662941666020     
  -4.60517018598809       4.028296602535596E-004   101.935762472116     
  -4.58214433505815       4.012615540094729E-004   94.7616657885504     
  -4.55911848412821       3.997349089001153E-004   88.1002645663653     
  -4.53609263319827       3.982483993863590E-004   81.9141963281935     
  -4.51306678226833       3.968007530635490E-004   76.1688894182734     
  -4.49004093133839       3.953907480265599E-004   70.8323480257452     
  -4.46701508040845       3.940172103907248E-004   65.8749544027746     
  -4.44398922947851       3.926790119579830E-004   61.2692868389836     
  -4.42096337854857       3.913750680184066E-004   56.9899520804382     
  -4.39793752761863       3.901043352780266E-004   53.0134309963787     
  -4.37491167668869       3.888658099045667E-004   49.3179364011457     
  -4.35188582575875       3.876585256833220E-004   45.8832820334105     
  -4.32885997482881       3.864815522760018E-004   42.6907617808083     
  -4.30583412389887       3.853339935758846E-004   39.7230383162330     
  -4.28280827296892       3.842149861531163E-004   36.9640403831445     
  -4.25978242203898       3.831236977844373E-004   34.3988680319375     
  -4.23675657110904       3.820593260620257E-004   32.0137051683408     
  -4.21373072017910       3.810210970765287E-004   29.7957388284933     
  -4.19070486924916       3.800082641697017E-004   27.7330846442867     
  -4.16767901831922       3.790201067523891E-004   25.8147180071971     
  -4.14465316738928       3.780559291838844E-004   24.0304104795718     
  -4.12162731645934       3.771150597089739E-004   22.3706710395281     
  -4.09860146552940       3.761968494492230E-004   20.8266917796062     
  -4.07557561459946       3.753006714452966E-004   19.3902977103731     
  -4.05254976366952       3.744259197473189E-004   18.0539003485744     
  -4.02952391273958       3.735720085504768E-004   16.8104547954098     
  -4.00649806180964       3.727383713732576E-004   15.6534200342913     
  -3.98347221087970       3.719244602758826E-004   14.5767221992086     
  -3.96044635994976       3.711297451166497E-004   13.5747205847776     
  -3.93742050901982       3.703537128440563E-004   12.6421761873204     
  -3.91439465808988       3.695958668226988E-004   11.7742225830843     
  -3.89136880715994       3.688557261910807E-004   10.9663389650750     
  -3.86834295622999       3.681328252495723E-004   10.2143251740804     
  -3.84531710530005       3.674267128768775E-004   9.51427857240078     
  -3.82229125437011       3.667369519734654E-004   8.86257262068996     
  -3.79926540344017       3.660631189305179E-004   8.25583702922055     
  -3.77623955251023       3.654048031230328E-004   7.69093936492155     
  -3.75321370158029       3.647616064258032E-004   7.16496800475100     
  -3.73018785065035       3.641331427510761E-004   6.67521633444442     
  -3.70716199972041       3.635190376067559E-004   6.21916809947482     
  -3.68413614879047       3.629189276740914E-004   5.79448382223291     
  -3.66111029786053       3.623324604038491E-004   5.39898820603728     
  -3.63808444693059       3.617592936300254E-004   5.03065845266142     
  -3.61505859600065       3.611990952002142E-004   4.68761342566103     
  -3.59203274507071       3.606515426217921E-004   4.36810359693993     
  -3.56900689414077       3.601163227231309E-004   4.07050171874300     
  -3.54598104321083       3.595931313290967E-004   3.79329416764256     
  -3.52295519228089       3.590816729501291E-004   3.53507291112040     
  -3.49992934135095       3.585816604842432E-004   3.29452805106984     
  -3.47690349042101       3.580928149313205E-004   3.07044090197489     
  -3.45387763949107       3.576148651191050E-004   2.86167756469118     
  -3.43085178856113       3.571475474403392E-004   2.66718295967627     
  -3.40782593763119       3.566906056005155E-004   2.48597528621496     
  -3.38480008670125       3.562437903757392E-004   2.31714087667654     
  -3.36177423577131       3.558068593802328E-004   2.15982941714143     
  -3.33874838484137       3.553795768430307E-004   2.01324950785946     
  -3.31572253391143       3.549617133934426E-004   1.87666453896581     
  -3.29269668298149       3.545530458548806E-004   1.74938885869437     
  -3.26967083205155       3.541533570466721E-004   1.63078421300571     
  -3.24664498112161       3.537624355934948E-004   1.52025643709688     
  -3.22361913019166       3.533800757420934E-004   1.41725238069369     
  -3.20059327926172       3.530060771849494E-004   1.32125705035233     
  -3.17756742833178       3.526402448906018E-004   1.23179095322270     
  -3.15454157740184       3.522823889403186E-004   1.14840762786154     
  -3.13151572647190       3.519323243708483E-004   1.07069134873239     
  -3.10848987554196       3.515898710229813E-004  0.998254992001675     
  -3.08546402461202       3.512548533956746E-004  0.930738051139587     
  -3.06243817368208       3.509271005054993E-004  0.867804791667262     
  -3.03941232275214       3.506064457511843E-004  0.809142535162872     
  -3.01638647182220       3.502927267830415E-004  0.754460063353563     
  -2.99336062089226       3.499857853770672E-004  0.703486133781674     
  -2.97033476996232       3.496854673135237E-004  0.655968099146641     
  -2.94730891903238       3.493916222598165E-004  0.611670622991855     
  -2.92428306810244       3.491041036574892E-004  0.570374484932095     
  -2.90125721717250       3.488227686131686E-004  0.531875469104880     
  -2.87823136624256       3.485474777932990E-004  0.495983329981346     
  -2.85520551531262       3.482780953225132E-004  0.462520830091395     
  -2.83217966438268       3.480144886854942E-004  0.431322844606655     
  -2.80915381345273       3.477565286321887E-004  0.402235528085215     
  -2.78612796252279       3.475040890862407E-004  0.375115539016483     
  -2.76310211159285       3.472570470565180E-004  0.349829318114624     
  -2.74007626066291       3.470152825516111E-004  0.326252416596784     
  -2.71705040973297       3.467786784971901E-004  0.304268870949226     
  -2.69402455880303       3.465471206561102E-004  0.283770620932277     
  -2.67099870787309       3.463204975511599E-004  0.264656967804810     
  -2.64797285694315       3.460987003903524E-004  0.246834069962455     
  -2.62494700601321       3.458816229946658E-004  0.230214473381716     
  -2.60192115508327       3.456691617281384E-004  0.214716674446144     
  -2.57889530415333       3.454612154302352E-004  0.200264712901367     
  -2.55586945322339       3.452576853503988E-004  0.186787792844378     
  -2.53284360229345       3.450584750847090E-004  0.174219929799672     
  -2.50981775136351       3.448634905145704E-004  0.162499622071548     
  -2.48679190043357       3.446726397473604E-004  0.151569544688953     
  -2.46376604950363       3.444858330589640E-004  0.141376264377148     
  -2.44074019857369       3.443029828381314E-004  0.131869974100146     
  -2.41771434764375       3.441240035325931E-004  0.123004245819682     
  -2.39468849671381       3.439488115968722E-004  0.114735800211090     
  -2.37166264578386       3.437773254417373E-004  0.107024292164418     
  -2.34863679485392       3.436094653852381E-004  9.983211098082613E-002
  -2.32561094392398       3.434451536052705E-004  9.312419425023888E-002
  -2.30258509299404       3.432843140936221E-004  8.686785446688386E-002
  -2.27955924206410       3.431268726114478E-004  8.103261750491254E-002
  -2.25653339113416       3.429727566461282E-004  7.559007213735669E-002
  -2.23350754020422       3.428218953694665E-004  7.051372983838208E-002
  -2.21048168927428       3.426742195971831E-004  6.577889416155094E-002
  -2.18745583834434       3.425296617496613E-004  6.136253903584746E-002
  -2.16442998741440       3.423881558139110E-004  5.724319536683452E-002
  -2.14140413648446       3.422496373067077E-004  5.340084537272508E-002
  -2.11837828555452       3.421140432388725E-004  4.981682412460486E-002
  -2.09535243462458       3.419813120806578E-004  4.647372779673931E-002
  -2.07232658369464       3.418513837282042E-004  4.335532816703200E-002
  -2.04930073276470       3.417241994710385E-004  4.044649293945765E-002
  -2.02627488183476       3.415997019605776E-004  3.773311148983298E-002
  -2.00324903090482       3.414778351796138E-004  3.520202566377723E-002
  -1.98022317997488       3.413585444127465E-004  3.284096528128564E-002
  -1.95719732904494       3.412417762177358E-004  3.063848802613700E-002
  -1.93417147811500       3.411274783977499E-004  2.858392342050076E-002
  -1.91114562718506       3.410155999744801E-004  2.666732060571627E-002
  -1.88811977625512       3.409060911620945E-004  2.487939966939553E-002
  -1.86509392532518       3.407989033420113E-004  2.321150627685154E-002
  -1.84206807439524       3.406939890384601E-004  2.165556938146785E-002
  -1.81904222346530       3.405913018948105E-004  2.020406180409047E-002
  -1.79601637253536       3.404907966506425E-004  1.884996348591864E-002
  -1.77299052160541       3.403924291195364E-004  1.758672723277283E-002
  -1.74996467067547       3.402961561675550E-004  1.640824678109366E-002
  -1.72693881974553       3.402019356923970E-004  1.530882702764187E-002
  -1.70391296881559       3.401097266031941E-004  1.428315627568299E-002
  -1.68088711788565       3.400194888009306E-004  1.332628036051091E-002
  -1.65786126695571       3.399311831594564E-004  1.243357852653968E-002
  -1.63483541602577       3.398447715070706E-004  1.160074093692463E-002
  -1.61180956509583       3.397602166086457E-004  1.082374770480378E-002
  -1.58878371416589       3.396774821482676E-004  1.009884934282261E-002
  -1.56575786323595       3.395965327123596E-004  9.422548534656410E-003
  -1.54273201230601       3.395173337732593E-004  8.791583138812214E-003
  -1.51970616137607       3.394398516732198E-004  8.202910341109527E-003
  -1.49668031044613       3.393640536087970E-004  7.653691877934526E-003
  -1.47365445951619       3.392899076155874E-004  7.141280257672745E-003
  -1.45062860858625       3.392173825532794E-004  6.663205912665066E-003
  -1.42760275765631       3.391464480909758E-004  6.217165218638941E-003
  -1.40457690672637       3.390770746927423E-004  5.801009322855735E-003
  -1.38155105579643       3.390092336033380E-004  5.412733726211628E-003
  -1.35852520486648       3.389428968340734E-004  5.050468568252591E-003
  -1.33549935393654       3.388780371487476E-004  4.712469567532783E-003
  -1.31247350300660       3.388146280496025E-004  4.397109572977459E-003
  -1.28944765207666       3.387526437632360E-004  4.102870684922689E-003
  -1.26642180114672       3.386920592264106E-004  3.828336907309958E-003
  -1.24339595021678       3.386328500716862E-004  3.572187295128015E-003
  -1.22037009928684       3.385749926128064E-004  3.333189563630403E-003
  -1.19734424835690       3.385184638297654E-004  3.110194128127295E-003
  -1.17431839742696       3.384632413534726E-004  2.902128545265599E-003
  -1.15129254649702       3.384093034499369E-004  2.707992328682747E-003
  -1.12826669556708       3.383566290038849E-004  2.526852113756767E-003
  -1.10524084463714       3.383051975017286E-004  2.357837147887445E-003
  -1.08221499370720       3.382549890137955E-004  2.200135084339183E-003
  -1.05918914277726       3.382059841757364E-004  2.052988059163320E-003
  -1.03616329184732       3.381581641690260E-004  1.915689032103982E-003
  -1.01313744091738       3.381115107004753E-004  1.787578373683447E-003
 -0.990111589987439       3.380660059806803E-004  1.668040681867304E-003
 -0.967085739057499       3.380216327013379E-004  1.556501812832204E-003
 -0.944059888127558       3.379783740113701E-004  1.452426111405277E-003
 -0.921034037197618       3.379362134918072E-004  1.355313827719658E-003
 -0.898008186267678       3.378951351293986E-004  1.264698707539725E-003
 -0.874982335337737       3.378551232889350E-004  1.180145744557199E-003
 -0.851956484407797       3.378161626842857E-004  1.101249083749330E-003
 -0.828930633477857       3.377782383481796E-004  1.027630065626967E-003
 -0.805904782547916       3.377413356007859E-004  9.589354018869400E-004
 -0.782878931617976       3.377054400171747E-004  8.948354736233652E-004
 -0.759853080688035       3.376705373937756E-004  8.350227438492964E-004
 -0.736827229758095       3.376366137139801E-004  7.792102766365536E-004
 -0.713801378828155       3.376036551130739E-004  7.271303557003712E-004
 -0.690775527898211       3.375716478427143E-004  6.785331957391545E-004
 -0.667749676968270       3.375405782352112E-004  6.331857402906882E-004
 -0.644723826038330       3.375104326678966E-004  5.908705402864650E-004
 -0.621697975108390       3.374811975279042E-004  5.513847078781391E-004
 -0.598672124178449       3.374528591777066E-004  5.145389404754280E-004
 -0.575646273248509       3.374254039217794E-004  4.801566102758403E-004
 -0.552620422318569       3.373988179747820E-004  4.480729148844159E-004
 -0.529594571388628       3.373730874316500E-004  4.181340849180966E-004
 -0.506568720458688       3.373481982399957E-004  3.901966447657373E-004
 -0.483542869528748       3.373241361752065E-004  3.641267229325442E-004
 -0.460517018598807       3.373008868186117E-004  3.397994086380855E-004
 -0.437491167668867       3.372784355390553E-004  3.170981515611870E-004
 -0.414465316738927       3.372567674781813E-004  2.959142018340758E-004
 -0.391439465808986       3.372358675396812E-004  2.761460875830903E-004
 -0.368413614879046       3.372157203827020E-004  2.576991274950931E-004
 -0.345387763949105       3.371963104195452E-004  2.404849760582905E-004
 -0.322361913019165       3.371776218177210E-004  2.244211992843084E-004
 -0.299336062089225       3.371596385063436E-004  2.094308788658510E-004
 -0.276310211159284       3.371423441867829E-004  1.954422428618319E-004
 -0.253284360229344       3.371257223474104E-004  1.823883211301458E-004
 -0.230258509299404       3.371097562822090E-004  1.702066238478931E-004
 -0.207232658369463       3.370944291129514E-004  1.588388415704570E-004
 -0.184206807439523       3.370797238145886E-004  1.482305653848940E-004
 -0.161180956509583       3.370656232434488E-004  1.383310258101592E-004
 -0.138155105579642       3.370521101678012E-004  1.290928491872041E-004
 -0.115129254649702       3.370391673003174E-004  1.204718303864049E-004
 -9.210340371976145E-002  3.370267773319442E-004  1.124267207385143E-004
 -6.907755278982108E-002  3.370149229666969E-004  1.049190301687593E-004
 -4.605170185988072E-002  3.370035869568910E-004  9.791284258219527E-005
 -2.302585092994036E-002  3.369927521383472E-004  9.137464361230310E-005
