          -7.3971938           0.0000000           0.0000000           0.0000000           0.0000000           0.0000000           0.0000000
          -7.3922931           0.9467806           0.9436559           0.0000000           0.0000000           0.0000000           0.0000000
          -7.3873923           0.9466658           0.9435229           0.0000000           0.0000000           0.0000000           0.0000000
          -7.3824916           0.9465509           0.9433900           0.0000000           0.0000000           0.0000000           0.0000000
          -7.3775909           0.9464362           0.9432570           0.0000000           0.0000000           0.0000000           0.0000000
          -7.3726901           0.9463215           0.9431240           0.0000000           0.0000000           0.0000000           0.0000000
          -7.3677894           0.9462068           0.9429910           0.0000000           0.0000000           0.0000000           0.0000000
          -7.3628887           0.9460922           0.9428580           0.0000000           0.0000000           0.0000000           0.0000000
          -7.3579879           0.9459777           0.9427250           0.0000000           0.0000000           0.0000000           0.0000000
          -7.3530872           0.9458633           0.9425920           0.0000000           0.0000000           0.0000000           0.0000000
          -7.3481865           0.9457489           0.9424589           0.0000000           0.0000000           0.0000000           0.0000000
          -7.3432857           0.9456347           0.9423259           0.0000000           0.0000000           0.0000000           0.0000000
          -7.3383850           0.9455205           0.9421929           0.0000000           0.0000000           0.0000000           0.0000000
          -7.3334843           0.9454064           0.9420599           0.0000000           0.0000000           0.0000000           0.0000000
          -7.3285835           0.9452924           0.9419269           0.0000000           0.0000000           0.0000000           0.0000000
          -7.3236828           0.9451784           0.9417939           0.0000000           0.0000000           0.0000000           0.0000000
          -7.3187820           0.9450646           0.9416609           0.0000000           0.0000000           0.0000000           0.0000000
          -7.3138813           0.9449509           0.9415280           0.0000000           0.0000000           0.0000000           0.0000000
          -7.3089806           0.9448373           0.9413951           0.0000000           0.0000000           0.0000000           0.0000000
          -7.3040798           0.9447239           0.9412623           0.0000000           0.0000000           0.0000000           0.0000000
          -7.2991791           0.9446105           0.9411295           0.0000000           0.0000000           0.0000000           0.0000000
          -7.2942784           0.9444974           0.9409968           0.0000000           0.0000000           0.0000000           0.0000000
          -7.2893776           0.9443843           0.9408641           0.0000000           0.0000000           0.0000000           0.0000000
          -7.2844769           0.9442714           0.9407315           0.0000000           0.0000000           0.0000000           0.0000000
          -7.2795762           0.9441587           0.9405990           0.0000000           0.0000000           0.0000000           0.0000000
          -7.2746754           0.9440461           0.9404665           0.0000000           0.0000000           0.0000000           0.0000000
          -7.2697747           0.9439337           0.9403342           0.0000000           0.0000000           0.0000000           0.0000000
          -7.2648740           0.9438215           0.9402020           0.0000000           0.0000000           0.0000000           0.0000000
          -7.2599732           0.9437095           0.9400699           0.0000000           0.0000000           0.0000000           0.0000000
          -7.2550725           0.9435977           0.9399379           0.0000000           0.0000000           0.0000000           0.0000000
          -7.2501718           0.9434861           0.9398060           0.0000000           0.0000000           0.0000000           0.0000000
          -7.2452710           0.9433748           0.9396743           0.0000000           0.0000000           0.0000000           0.0000000
          -7.2403703           0.9432637           0.9395428           0.0000000           0.0000000           0.0000000           0.0000000
          -7.2354695           0.9431528           0.9394114           0.0000000           0.0000000           0.0000000           0.0000000
          -7.2305688           0.9430422           0.9392802           0.0000000           0.0000000           0.0000000           0.0000000
          -7.2256681           0.9429318           0.9391491           0.0000000           0.0000000           0.0000000           0.0000000
          -7.2207673           0.9428217           0.9390183           0.0000000           0.0000000           0.0000000           0.0000000
          -7.2158666           0.9427120           0.9388877           0.0000000           0.0000000           0.0000000           0.0000000
          -7.2109659           0.9426025           0.9387573           0.0000000           0.0000000           0.0000000           0.0000000
          -7.2060651           0.9424933           0.9386271           0.0000000           0.0000000           0.0000000           0.0000000
          -7.2011644           0.9423845           0.9384971           0.0000000           0.0000000           0.0000000           0.0000000
          -7.1962637           0.9422760           0.9383675           0.0000000           0.0000000           0.0000000           0.0000000
          -7.1913629           0.9421679           0.9382381           0.0000000           0.0000000           0.0000000           0.0000000
          -7.1864622           0.9420602           0.9381089           0.0000000           0.0000000           0.0000000           0.0000000
          -7.1815615           0.9419528           0.9379801           0.0000000           0.0000000           0.0000000           0.0000000
          -7.1766607           0.9418458           0.9378516           0.0000000           0.0000000           0.0000000           0.0000000
          -7.1717600           0.9417393           0.9377234           0.0000000           0.0000000           0.0000000           0.0000000
          -7.1668592           0.9416332           0.9375956           0.0000000           0.0000000           0.0000000           0.0000000
          -7.1619585           0.9415275           0.9374682           0.0000000           0.0000000           0.0000000           0.0000000
          -7.1570578           0.9414223           0.9373411           0.0000000           0.0000000           0.0000000           0.0000000
          -7.1521570           0.9413176           0.9372144           0.0000000           0.0000000           0.0000000           0.0000000
          -7.1472563           0.9412134           0.9370881           0.0000000           0.0000000           0.0000000           0.0000000
          -7.1423556           0.9411098           0.9369623           0.0000000           0.0000000           0.0000000           0.0000000
          -7.1374548           0.9410067           0.9368369           0.0000000           0.0000000           0.0000000           0.0000000
          -7.1325541           0.9409041           0.9367120           0.0000000           0.0000000           0.0000000           0.0000000
          -7.1276534           0.9408022           0.9365876           0.0000000           0.0000000           0.0000000           0.0000000
          -7.1227526           0.9407008           0.9364637           0.0000000           0.0000000           0.0000000           0.0000000
          -7.1178519           0.9406001           0.9363404           0.0000000           0.0000000           0.0000000           0.0000000
          -7.1129512           0.9405001           0.9362176           0.0000000           0.0000000           0.0000000           0.0000000
          -7.1080504           0.9404007           0.9360954           0.0000000           0.0000000           0.0000000           0.0000000
          -7.1031497           0.9403020           0.9359738           0.0000000           0.0000000           0.0000000           0.0000000
          -7.0982489           0.9402041           0.9358529           0.0000000           0.0000000           0.0000000           0.0000000
          -7.0933482           0.9401069           0.9357326           0.0000000           0.0000000           0.0000000           0.0000000
          -7.0884475           0.9400106           0.9356130           0.0000000           0.0000000           0.0000000           0.0000000
          -7.0835467           0.9399150           0.9354941           0.0000000           0.0000000           0.0000000           0.0000000
          -7.0786460           0.9398203           0.9353760           0.0000000           0.0000000           0.0000000           0.0000000
          -7.0737453           0.9397264           0.9352586           0.0000000           0.0000000           0.0000000           0.0000000
          -7.0688445           0.9396335           0.9351420           0.0000000           0.0000000           0.0000000           0.0000000
          -7.0639438           0.9395415           0.9350263           0.0000000           0.0000000           0.0000000           0.0000000
          -7.0590431           0.9394505           0.9349114           0.0000000           0.0000000           0.0000000           0.0000000
          -7.0541423           0.9393604           0.9347974           0.0000000           0.0000000           0.0000000           0.0000000
          -7.0492416           0.9392714           0.9346844           0.0000000           0.0000000           0.0000000           0.0000000
          -7.0443409           0.9391835           0.9345722           0.0000000           0.0000000           0.0000000           0.0000000
          -7.0394401           0.9390966           0.9344611           0.0000000           0.0000000           0.0000000           0.0000000
          -7.0345394           0.9390109           0.9343510           0.0000000           0.0000000           0.0000000           0.0000000
          -7.0296386           0.9389263           0.9342419           0.0000000           0.0000000           0.0000000           0.0000000
          -7.0247379           0.9388429           0.9341339           0.0000000           0.0000000           0.0000000           0.0000000
          -7.0198372           0.9387608           0.9340271           0.0000000           0.0000000           0.0000000           0.0000000
          -7.0149364           0.9386799           0.9339213           0.0000000           0.0000000           0.0000000           0.0000000
          -7.0100357           0.9386003           0.9338168           0.0000000           0.0000000           0.0000000           0.0000000
          -7.0051350           0.9385220           0.9337134           0.0000000           0.0000000           0.0000000           0.0000000
          -7.0002342           0.9384451           0.9336113           0.0000000           0.0000000           0.0000000           0.0000000
          -6.9953335           0.9383696           0.9335105           0.0000000           0.0000000           0.0000000           0.0000000
          -6.9904328           0.9382955           0.9334110           0.0000000           0.0000000           0.0000000           0.0000000
          -6.9855320           0.9382229           0.9333127           0.0000000           0.0000000           0.0000000           0.0000000
          -6.9806313           0.9381517           0.9332159           0.0000000           0.0000000           0.0000000           0.0000000
          -6.9757306           0.9380821           0.9331204           0.0000000           0.0000000           0.0000000           0.0000000
          -6.9708298           0.9380140           0.9330264           0.0000000           0.0000000           0.0000000           0.0000000
          -6.9659291           0.9379475           0.9329338           0.0000000           0.0000000           0.0000000           0.0000000
          -6.9610283           0.9378826           0.9328426           0.0000000           0.0000000           0.0000000           0.0000000
          -6.9561276           0.9378193           0.9327530           0.0000000           0.0000000           0.0000000           0.0000000
          -6.9512269           0.9377576           0.9326649           0.0000000           0.0000000           0.0000000           0.0000000
          -6.9463261           0.9376977           0.9325783           0.0000000           0.0000000           0.0000000           0.0000000
          -6.9414254           0.9376394           0.9324932           0.0000000           0.0000000           0.0000000           0.0000000
          -6.9365247           0.9375828           0.9324098           0.0000000           0.0000000           0.0000000           0.0000000
          -6.9316239           0.9375280           0.9323279           0.0000000           0.0000000           0.0000000           0.0000000
          -6.9267232           0.9374749           0.9322476           0.0000000           0.0000000           0.0000000           0.0000000
          -6.9218225           0.9374236           0.9321690           0.0000000           0.0000000           0.0000000           0.0000000
          -6.9169217           0.9373741           0.9320920           0.0000000           0.0000000           0.0000000           0.0000000
          -6.9120210           0.9373263           0.9320166           0.0000000           0.0000000           0.0000000           0.0000000
          -6.9071203           0.9372804           0.9319429           0.0000000           0.0000000           0.0000000           0.0000000
          -6.9022195           0.9372363           0.9318708           0.0000000           0.0000000           0.0000000           0.0000000
          -6.8973188           0.9371939           0.9318004           0.0000000           0.0000000           0.0000000           0.0000000
          -6.8924180           0.9371534           0.9317316           0.0000000           0.0000000           0.0000000           0.0000000
          -6.8875173           0.9371147           0.9316646           0.0000000           0.0000000           0.0000000           0.0000000
          -6.8826166           0.9370779           0.9315992           0.0000000           0.0000000           0.0000000           0.0000000
          -6.8777158           0.9370428           0.9315354           0.0000000           0.0000000           0.0000000           0.0000000
          -6.8728151           0.9370096           0.9314733           0.0000000           0.0000000           0.0000000           0.0000000
          -6.8679144           0.9369781           0.9314128           0.0000000           0.0000000           0.0000000           0.0000000
          -6.8630136           0.9369485           0.9313540           0.0000000           0.0000000           0.0000000           0.0000000
          -6.8581129           0.9369206           0.9312968           0.0000000           0.0000000           0.0000000           0.0000000
          -6.8532122           0.9368946           0.9312413           0.0000000           0.0000000           0.0000000           0.0000000
          -6.8483114           0.9368703           0.9311873           0.0000000           0.0000000           0.0000000           0.0000000
          -6.8434107           0.9368477           0.9311349           0.0000000           0.0000000           0.0000000           0.0000000
          -6.8385100           0.9368269           0.9310841           0.0000000           0.0000000           0.0000000           0.0000000
          -6.8336092           0.9368078           0.9310348           0.0000000           0.0000000           0.0000000           0.0000000
          -6.8287085           0.9367904           0.9309871           0.0000000           0.0000000           0.0000000           0.0000000
          -6.8238077           0.9367746           0.9309408           0.0000000           0.0000000           0.0000000           0.0000000
          -6.8189070           0.9367605           0.9308961           0.0000000           0.0000000           0.0000000           0.0000000
          -6.8140063           0.9367481           0.9308528           0.0000000           0.0000000           0.0000000           0.0000000
          -6.8091055           0.9367372           0.9308109           0.0000000           0.0000000           0.0000000           0.0000000
          -6.8042048           0.9367279           0.9307704           0.0000000           0.0000000           0.0000000           0.0000000
          -6.7993041           0.9367202           0.9307313           0.0000000           0.0000000           0.0000000           0.0000000
          -6.7944033           0.9367139           0.9306935           0.0000000           0.0000000           0.0000000           0.0000000
          -6.7895026           0.9367092           0.9306571           0.0000000           0.0000000           0.0000000           0.0000000
          -6.7846019           0.9367059           0.9306219           0.0000000           0.0000000           0.0000000           0.0000000
          -6.7797011           0.9367041           0.9305880           0.0000000           0.0000000           0.0000000           0.0000000
          -6.7748004           0.9367036           0.9305553           0.0000000           0.0000000           0.0000000           0.0000000
          -6.7698997           0.9367045           0.9305237           0.0000000           0.0000000           0.0000000           0.0000000
          -6.7649989           0.9367067           0.9304934           0.0000000           0.0000000           0.0000000           0.0000000
          -6.7600982           0.9367102           0.9304641           0.0000000           0.0000000           0.0000000           0.0000000
          -6.7551974           0.9367150           0.9304359           0.0000000           0.0000000           0.0000000           0.0000000
          -6.7502967           0.9367210           0.9304088           0.0000000           0.0000000           0.0000000           0.0000000
          -6.7453960           0.9367282           0.9303826           0.0000000           0.0000000           0.0000000           0.0000000
          -6.7404952           0.9367365           0.9303575           0.0000000           0.0000000           0.0000000           0.0000000
          -6.7355945           0.9367460           0.9303332           0.0000000           0.0000000           0.0000000           0.0000000
          -6.7306938           0.9367565           0.9303099           0.0000000           0.0000000           0.0000000           0.0000000
          -6.7257930           0.9367681           0.9302874           0.0000000           0.0000000           0.0000000           0.0000000
          -6.7208923           0.9367807           0.9302658           0.0000000           0.0000000           0.0000000           0.0000000
          -6.7159916           0.9367942           0.9302450           0.0000000           0.0000000           0.0000000           0.0000000
          -6.7110908           0.9368088           0.9302249           0.0000000           0.0000000           0.0000000           0.0000000
          -6.7061901           0.9368242           0.9302055           0.0000000           0.0000000           0.0000000           0.0000000
          -6.7012894           0.9368404           0.9301868           0.0000000           0.0000000           0.0000000           0.0000000
          -6.6963886           0.9368576           0.9301688           0.0000000           0.0000000           0.0000000           0.0000000
          -6.6914879           0.9368755           0.9301514           0.0000000           0.0000000           0.0000000           0.0000000
          -6.6865871           0.9368941           0.9301345           0.0000000           0.0000000           0.0000000           0.0000000
          -6.6816864           0.9369135           0.9301182           0.0000000           0.0000000           0.0000000           0.0000000
          -6.6767857           0.9369336           0.9301024           0.0000000           0.0000000           0.0000000           0.0000000
          -6.6718849           0.9369544           0.9300871           0.0000000           0.0000000           0.0000000           0.0000000
          -6.6669842           0.9369758           0.9300722           0.0000000           0.0000000           0.0000000           0.0000000
          -6.6620835           0.9369978           0.9300577           0.0000000           0.0000000           0.0000000           0.0000000
          -6.6571827           0.9370203           0.9300436           0.0000000           0.0000000           0.0000000           0.0000000
          -6.6522820           0.9370434           0.9300299           0.0000000           0.0000000           0.0000000           0.0000000
          -6.6473813           0.9370670           0.9300164           0.0000000           0.0000000           0.0000000           0.0000000
          -6.6424805           0.9370910           0.9300033           0.0000000           0.0000000           0.0000000           0.0000000
          -6.6375798           0.9371155           0.9299904           0.0000000           0.0000000           0.0000000           0.0000000
          -6.6326791           0.9371404           0.9299777           0.0000000           0.0000000           0.0000000           0.0000000
          -6.6277783           0.9371657           0.9299652           0.0000000           0.0000000           0.0000000           0.0000000
          -6.6228776           0.9371913           0.9299528           0.0000000           0.0000000           0.0000000           0.0000000
          -6.6179768           0.9372172           0.9299406           0.0000000           0.0000000           0.0000000           0.0000000
          -6.6130761           0.9372434           0.9299285           0.0000000           0.0000000           0.0000000           0.0000000
          -6.6081754           0.9372699           0.9299164           0.0000000           0.0000000           0.0000000           0.0000000
          -6.6032746           0.9372966           0.9299044           0.0000000           0.0000000           0.0000000           0.0000000
          -6.5983739           0.9373236           0.9298924           0.0000000           0.0000000           0.0000000           0.0000000
          -6.5934732           0.9373507           0.9298804           0.0000000           0.0000000           0.0000000           0.0000000
          -6.5885724           0.9373779           0.9298684           0.0000000           0.0000000           0.0000000           0.0000000
          -6.5836717           0.9374053           0.9298563           0.0000000           0.0000000           0.0000000           0.0000000
          -6.5787710           0.9374328           0.9298441           0.0000000           0.0000000           0.0000000           0.0000000
          -6.5738702           0.9374604           0.9298318           0.0000000           0.0000000           0.0000000           0.0000000
          -6.5689695           0.9374880           0.9298193           0.0000000           0.0000000           0.0000000           0.0000000
          -6.5640688           0.9375157           0.9298068           0.0000000           0.0000000           0.0000000           0.0000000
          -6.5591680           0.9375433           0.9297940           0.0000000           0.0000000           0.0000000           0.0000000
          -6.5542673           0.9375710           0.9297810           0.0000000           0.0000000           0.0000000           0.0000000
          -6.5493665           0.9375986           0.9297678           0.0000000           0.0000000           0.0000000           0.0000000
          -6.5444658           0.9376262           0.9297543           0.0000000           0.0000000           0.0000000           0.0000000
          -6.5395651           0.9376537           0.9297406           0.0000000           0.0000000           0.0000000           0.0000000
          -6.5346643           0.9376811           0.9297266           0.0000000           0.0000000           0.0000000           0.0000000
          -6.5297636           0.9377083           0.9297123           0.0000000           0.0000000           0.0000000           0.0000000
          -6.5248629           0.9377355           0.9296976           0.0000000           0.0000000           0.0000000           0.0000000
          -6.5199621           0.9377624           0.9296826           0.0000000           0.0000000           0.0000000           0.0000000
          -6.5150614           0.9377892           0.9296672           0.0000000           0.0000000           0.0000000           0.0000000
          -6.5101607           0.9378158           0.9296515           0.0000000           0.0000000           0.0000000           0.0000000
          -6.5052599           0.9378422           0.9296353           0.0000000           0.0000000           0.0000000           0.0000000
          -6.5003592           0.9378684           0.9296187           0.0000000           0.0000000           0.0000000           0.0000000
          -6.4954585           0.9378943           0.9296017           0.0000000           0.0000000           0.0000000           0.0000000
          -6.4905577           0.9379199           0.9295842           0.0000000           0.0000000           0.0000000           0.0000000
          -6.4856570           0.9379453           0.9295662           0.0000000           0.0000000           0.0000000           0.0000000
          -6.4807562           0.9379704           0.9295478           0.0000000           0.0000000           0.0000000           0.0000000
          -6.4758555           0.9379952           0.9295289           0.0000000           0.0000000           0.0000000           0.0000000
          -6.4709548           0.9380196           0.9295094           0.0000000           0.0000000           0.0000000           0.0000000
          -6.4660540           0.9380437           0.9294894           0.0000000           0.0000000           0.0000000           0.0000000
          -6.4611533           0.9380674           0.9294688           0.0000000           0.0000000           0.0000000           0.0000000
          -6.4562526           0.9380908           0.9294477           0.0000000           0.0000000           0.0000000           0.0000000
          -6.4513518           0.9381138           0.9294260           0.0000000           0.0000000           0.0000000           0.0000000
          -6.4464511           0.9381364           0.9294038           0.0000000           0.0000000           0.0000000           0.0000000
          -6.4415504           0.9381586           0.9293809           0.0000000           0.0000000           0.0000000           0.0000000
          -6.4366496           0.9381804           0.9293574           0.0000000           0.0000000           0.0000000           0.0000000
          -6.4317489           0.9382017           0.9293333           0.0000000           0.0000000           0.0000000           0.0000000
          -6.4268482           0.9382226           0.9293086           0.0000000           0.0000000           0.0000000           0.0000000
          -6.4219474           0.9382431           0.9292832           0.0000000           0.0000000           0.0000000           0.0000000
          -6.4005409           0.9383268           0.9291645           0.0000000           0.0000000           0.0000000           0.0000000
          -6.3791344           0.9384009           0.9290324           0.0000000           0.0000000           0.0000000           0.0000000
          -6.3577279           0.9384646           0.9288863           0.0000000           0.0000000           0.0000000           0.0000000
          -6.3363215           0.9385172           0.9287256           0.0000000           0.0000000           0.0000000           0.0000000
          -6.3149150           0.9385584           0.9285497           0.0000000           0.0000000           0.0000000           0.0000000
          -6.2935085           0.9385877           0.9283583           0.0000000           0.0000000           0.0000000           0.0000000
          -6.2721020           0.9386047           0.9281511           0.0000000           0.0000000           0.0000000           0.0000000
          -6.2506955           0.9386092           0.9279277           0.0000000           0.0000000           0.0000000           0.0000000
          -6.2292890           0.9386011           0.9276882           0.0000000           0.0000000           0.0000000           0.0000000
          -6.2078825           0.9385801           0.9274323           0.0000000           0.0000000           0.0000000           0.0000000
          -6.1864760           0.9385462           0.9271600           0.0000000           0.0000000           0.0000000           0.0000000
          -6.1650695           0.9384995           0.9268714           0.0000000           0.0000000           0.0000000           0.0000000
          -6.1436630           0.9384400           0.9265665           0.0000000           0.0000000           0.0000000           0.0000000
          -6.1222565           0.9383677           0.9262454           0.0000000           0.0000000           0.0000000           0.0000000
          -6.1008500           0.9382828           0.9259084           0.0000000           0.0000000           0.0000000           0.0000000
          -6.0794436           0.9381854           0.9255555           0.0000000           0.0000000           0.0000000           0.0000000
          -6.0580371           0.9380758           0.9251871           0.0000000           0.0000000           0.0000000           0.0000000
          -6.0366306           0.9379541           0.9248034           0.0000000           0.0000000           0.0000000           0.0000000
          -6.0152241           0.9378207           0.9244047           0.0000000           0.0000000           0.0000000           0.0000000
          -5.9938176           0.9376756           0.9239912           0.0000000           0.0000000           0.0000000           0.0000000
          -5.9724111           0.9375194           0.9235634           0.0000000           0.0000000           0.0000000           0.0000000
          -5.9510046           0.9373522           0.9231216           0.0000000           0.0000000           0.0000000           0.0000000
          -5.9295981           0.9371743           0.9226661           0.0000000           0.0000000           0.0000000           0.0000000
          -5.9081916           0.9369862           0.9221974           0.0000000           0.0000000           0.0000000           0.0000000
          -5.8867851           0.9367881           0.9217157           0.0000000           0.0000000           0.0000000           0.0000000
          -5.8653786           0.9365804           0.9212216           0.0000000           0.0000000           0.0000000           0.0000000
          -5.8439722           0.9363634           0.9207154           0.0000000           0.0000000           0.0000000           0.0000000
          -5.8225657           0.9361375           0.9201976           0.0000000           0.0000000           0.0000000           0.0000000
          -5.8011592           0.9359030           0.9196685           0.0000000           0.0000000           0.0000000           0.0000000
          -5.7797527           0.9356604           0.9191286           0.0000000           0.0000000           0.0000000           0.0000000
          -5.7583462           0.9354099           0.9185783           0.0000000           0.0000000           0.0000000           0.0000000
          -5.7369397           0.9351520           0.9180180           0.0000000           0.0000000           0.0000000           0.0000000
          -5.7155332           0.9348870           0.9174482           0.0000000           0.0000000           0.0000000           0.0000000
          -5.6941267           0.9346152           0.9168693           0.0000000           0.0000000           0.0000000           0.0000000
          -5.6727202           0.9343370           0.9162817           0.0000000           0.0000000           0.0000000           0.0000000
          -5.6513137           0.9340528           0.9156858           0.0000000           0.0000000           0.0000000           0.0000000
          -5.6299072           0.9337629           0.9150821           0.0000000           0.0000000           0.0000000           0.0000000
          -5.6085007           0.9334677           0.9144710           0.0000000           0.0000000           0.0000000           0.0000000
          -5.5870943           0.9331674           0.9138528           0.0000000           0.0000000           0.0000000           0.0000000
          -5.5656878           0.9328625           0.9132280           0.0000000           0.0000000           0.0000000           0.0000000
          -5.5442813           0.9325532           0.9125970           0.0000000           0.0000000           0.0000000           0.0000000
          -5.5228748           0.9322399           0.9119601           0.0000000           0.0000000           0.0000000           0.0000000
          -5.5014683           0.9319228           0.9113178           0.0000000           0.0000000           0.0000000           0.0000000
          -5.4800618           0.9316023           0.9106704           0.0000000           0.0000000           0.0000000           0.0000000
          -5.4586553           0.9312787           0.9100184           0.0000000           0.0000000           0.0000000           0.0000000
          -5.4372488           0.9309523           0.9093621           0.0000000           0.0000000           0.0000000           0.0000000
          -5.4158423           0.9306233           0.9087017           0.0000000           0.0000000           0.0000000           0.0000000
          -5.3944358           0.9302920           0.9080378           0.0000000           0.0000000           0.0000000           0.0000000
          -5.3730293           0.9299587           0.9073707           0.0000000           0.0000000           0.0000000           0.0000000
          -5.3516228           0.9296236           0.9067006           0.0000000           0.0000000           0.0000000           0.0000000
          -5.3302164           0.9292871           0.9060279           0.0000000           0.0000000           0.0000000           0.0000000
          -5.3088099           0.9289492           0.9053530           0.0000000           0.0000000           0.0000000           0.0000000
          -5.2874034           0.9286104           0.9046761           0.0000000           0.0000000           0.0000000           0.0000000
          -5.2659969           0.9282707           0.9039977           0.0000000           0.0000000           0.0000000           0.0000000
          -5.2445904           0.9279304           0.9033179           0.0000000           0.0000000           0.0000000           0.0000000
          -5.2231839           0.9275897           0.9026370           0.0000000           0.0000000           0.0000000           0.0000000
          -5.2017774           0.9272489           0.9019555           0.0000000           0.0000000           0.0000000           0.0000000
          -5.1803709           0.9269081           0.9012735           0.0000000           0.0000000           0.0000000           0.0000000
          -5.1589644           0.9265674           0.9005913           0.0000000           0.0000000           0.0000000           0.0000000
          -5.1375579           0.9262272           0.8999092           0.0000000           0.0000000           0.0000000           0.0000000
          -5.1161514           0.9258875           0.8992274           0.0000000           0.0000000           0.0000000           0.0000000
          -5.0947450           0.9255485           0.8985463           0.0000000           0.0000000           0.0000000           0.0000000
          -5.0733385           0.9252104           0.8978660           0.0000000           0.0000000           0.0000000           0.0000000
          -5.0519320           0.9248734           0.8971868           0.0000000           0.0000000           0.0000000           0.0000000
          -5.0305255           0.9245375           0.8965090           0.0000000           0.0000000           0.0000000           0.0000000
          -5.0091190           0.9242029           0.8958327           0.0000000           0.0000000           0.0000000           0.0000000
          -4.9877125           0.9238698           0.8951582           0.0000000           0.0000000           0.0000000           0.0000000
          -4.9663060           0.9235383           0.8944858           0.0000000           0.0000000           0.0000000           0.0000000
          -4.9448995           0.9232084           0.8938155           0.0000000           0.0000000           0.0000000           0.0000000
          -4.9234930           0.9228803           0.8931477           0.0000000           0.0000000           0.0000000           0.0000000
          -4.9020865           0.9225542           0.8924825           0.0000000           0.0000000           0.0000000           0.0000000
          -4.8806800           0.9222301           0.8918201           0.0000000           0.0000000           0.0000000           0.0000000
          -4.8592735           0.9219081           0.8911607           0.0000000           0.0000000           0.0000000           0.0000000
          -4.8378671           0.9215882           0.8905045           0.0000000           0.0000000           0.0000000           0.0000000
          -4.8164606           0.9212707           0.8898517           0.0000000           0.0000000           0.0000000           0.0000000
          -4.7950541           0.9209555           0.8892025           0.0000000           0.0000000           0.0000000           0.0000000
          -4.7736476           0.9206428           0.8885570           0.0000000           0.0000000           0.0000000           0.0000000
          -4.7522411           0.9203326           0.8879153           0.0000000           0.0000000           0.0000000           0.0000000
          -4.7308346           0.9200250           0.8872777           0.0000000           0.0000000           0.0000000           0.0000000
          -4.7094281           0.9197200           0.8866443           0.0000000           0.0000000           0.0000000           0.0000000
          -4.6880216           0.9194177           0.8860152           0.0000000           0.0000000           0.0000000           0.0000000
          -4.6666151           0.9191181           0.8853907           0.0000000           0.0000000           0.0000000           0.0000000
          -4.6452086           0.9188214           0.8847707           0.0000000           0.0000000           0.0000000           0.0000000
          -4.6238021           0.9185275           0.8841556           0.0000000           0.0000000           0.0000000           0.0000000
          -4.6023956           0.9182365           0.8835454           0.0000000           0.0000000           0.0000000           0.0000000
          -4.5809892           0.9179485           0.8829402           0.0000000           0.0000000           0.0000000           0.0000000
          -4.5595827           0.9176634           0.8823402           0.0000000           0.0000000           0.0000000           0.0000000
          -4.5381762           0.9173812           0.8817454           0.0000000           0.0000000           0.0000000           0.0000000
          -4.5167697           0.9171022           0.8811561           0.0000000           0.0000000           0.0000000           0.0000000
          -4.4953632           0.9168261           0.8805724           0.0000000           0.0000000           0.0000000           0.0000000
          -4.4739567           0.9165531           0.8799942           0.0000000           0.0000000           0.0000000           0.0000000
          -4.4525502           0.9162833           0.8794219           0.0000000           0.0000000           0.0000000           0.0000000
          -4.4311437           0.9160165           0.8788553           0.0000000           0.0000000           0.0000000           0.0000000
          -4.4097372           0.9157528           0.8782948           0.0000000           0.0000000           0.0000000           0.0000000
          -4.3883307           0.9154923           0.8777403           0.0000000           0.0000000           0.0000000           0.0000000
          -4.3669242           0.9152349           0.8771920           0.0000000           0.0000000           0.0000000           0.0000000
          -4.3455178           0.9149806           0.8766499           0.0000000           0.0000000           0.0000000           0.0000000
          -4.3241113           0.9147295           0.8761141           0.0000000           0.0000000           0.0000000           0.0000000
          -4.3027048           0.9144816           0.8755848           0.0000000           0.0000000           0.0000000           0.0000000
          -4.2812983           0.9142368           0.8750620           0.0000000           0.0000000           0.0000000           0.0000000
          -4.2598918           0.9139952           0.8745457           0.0000000           0.0000000           0.0000000           0.0000000
          -4.2384853           0.9137566           0.8740361           0.0000000           0.0000000           0.0000000           0.0000000
          -4.2170788           0.9135213           0.8735333           0.0000000           0.0000000           0.0000000           0.0000000
          -4.1956723           0.9132890           0.8730373           0.0000000           0.0000000           0.0000000           0.0000000
          -4.1742658           0.9130599           0.8725481           0.0000000           0.0000000           0.0000000           0.0000000
          -4.1528593           0.9128339           0.8720659           0.0000000           0.0000000           0.0000000           0.0000000
          -4.1314528           0.9126110           0.8715907           0.0000000           0.0000000           0.0000000           0.0000000
          -4.1100463           0.9123912           0.8711225           0.0000000           0.0000000           0.0000000           0.0000000
          -4.0886399           0.9121745           0.8706615           0.0000000           0.0000000           0.0000000           0.0000000
          -4.0672334           0.9119608           0.8702076           0.0000000           0.0000000           0.0000000           0.0000000
          -4.0458269           0.9117502           0.8697609           0.0000000           0.0000000           0.0000000           0.0000000
          -4.0244204           0.9115425           0.8693215           0.0000000           0.0000000           0.0000000           0.0000000
          -4.0030139           0.9113379           0.8688894           0.0000000           0.0000000           0.0000000           0.0000000
          -3.9816074           0.9111363           0.8684646           0.0000000           0.0000000           0.0000000           0.0000000
          -3.9602009           0.9109376           0.8680472           0.0000000           0.0000000           0.0000000           0.0000000
          -3.9387944           0.9107418           0.8676372           0.0000000           0.0000000           0.0000000           0.0000000
          -3.9173879           0.9105490           0.8672347           0.0000000           0.0000000           0.0000000           0.0000000
          -3.8959814           0.9103591           0.8668396           0.0000000           0.0000000           0.0000000           0.0000000
          -3.8745749           0.9101720           0.8664519           0.0000000           0.0000000           0.0000000           0.0000000
          -3.8531685           0.9099878           0.8660718           0.0000000           0.0000000           0.0000000           0.0000000
          -3.8317620           0.9098063           0.8656992           0.0000000           0.0000000           0.0000000           0.0000000
          -3.8103555           0.9096277           0.8653341           0.0000000           0.0000000           0.0000000           0.0000000
          -3.7889490           0.9094518           0.8649765           0.0000000           0.0000000           0.0000000           0.0000000
          -3.7675425           0.9092787           0.8646264           0.0000000           0.0000000           0.0000000           0.0000000
          -3.7461360           0.9091083           0.8642838           0.0000000           0.0000000           0.0000000           0.0000000
          -3.7247295           0.9089405           0.8639488           0.0000000           0.0000000           0.0000000           0.0000000
          -3.7033230           0.9087754           0.8636213           0.0000000           0.0000000           0.0000000           0.0000000
          -3.6819165           0.9086129           0.8633013           0.0000000           0.0000000           0.0000000           0.0000000
          -3.6605100           0.9084530           0.8629887           0.0000000           0.0000000           0.0000000           0.0000000
          -3.6391035           0.9082956           0.8626836           0.0000000           0.0000000           0.0000000           0.0000000
          -3.6176970           0.9081408           0.8623859           0.0000000           0.0000000           0.0000000           0.0000000
          -3.5962906           0.9079884           0.8620955           0.0000000           0.0000000           0.0000000           0.0000000
          -3.5748841           0.9078385           0.8618126           0.0000000           0.0000000           0.0000000           0.0000000
          -3.5534776           0.9076911           0.8615369           0.0000000           0.0000000           0.0000000           0.0000000
          -3.5320711           0.9075460           0.8612685           0.0000000           0.0000000           0.0000000           0.0000000
          -3.5106646           0.9074033           0.8610073           0.0000000           0.0000000           0.0000000           0.0000000
          -3.4892581           0.9072630           0.8607533           0.0000000           0.0000000           0.0000000           0.0000000
          -3.4678516           0.9071249           0.8605064           0.0000000           0.0000000           0.0000000           0.0000000
          -3.4464451           0.9069891           0.8602665           0.0000000           0.0000000           0.0000000           0.0000000
          -3.4250386           0.9068556           0.8600335           0.0000000           0.0000000           0.0000000           0.0000000
          -3.4036321           0.9067242           0.8598074           0.0000000           0.0000000           0.0000000           0.0000000
          -3.3822256           0.9065950           0.8595882           0.0000000           0.0000000           0.0000000           0.0000000
          -3.3608191           0.9064680           0.8593756           0.0000000           0.0000000           0.0000000           0.0000000
          -3.3394127           0.9063430           0.8591697           0.0000000           0.0000000           0.0000000           0.0000000
          -3.3180062           0.9062201           0.8589703           0.0000000           0.0000000           0.0000000           0.0000000
          -3.2965997           0.9060992           0.8587774           0.0000000           0.0000000           0.0000000           0.0000000
          -3.2751932           0.9059803           0.8585907           0.0000000           0.0000000           0.0000000           0.0000000
          -3.2537867           0.9058634           0.8584103           0.0000000           0.0000000           0.0000000           0.0000000
          -3.2323802           0.9057484           0.8582360           0.0000000           0.0000000           0.0000000           0.0000000
          -3.2109737           0.9056353           0.8580677           0.0000000           0.0000000           0.0000000           0.0000000
          -3.1895672           0.9055240           0.8579053           0.0000000           0.0000000           0.0000000           0.0000000
          -3.1681607           0.9054145           0.8577486           0.0000000           0.0000000           0.0000000           0.0000000
          -3.1467542           0.9053068           0.8575975           0.0000000           0.0000000           0.0000000           0.0000000
          -3.1253477           0.9052009           0.8574518           0.0000000           0.0000000           0.0000000           0.0000000
          -3.1039413           0.9050967           0.8573115           0.0000000           0.0000000           0.0000000           0.0000000
          -3.0825348           0.9049941           0.8571764           0.0000000           0.0000000           0.0000000           0.0000000
          -3.0611283           0.9048931           0.8570463           0.0000000           0.0000000           0.0000000           0.0000000
          -3.0397218           0.9047938           0.8569211           0.0000000           0.0000000           0.0000000           0.0000000
          -3.0183153           0.9046959           0.8568006           0.0000000           0.0000000           0.0000000           0.0000000
          -2.9969088           0.9045996           0.8566847           0.0000000           0.0000000           0.0000000           0.0000000
          -2.9755023           0.9045048           0.8565731           0.0000000           0.0000000           0.0000000           0.0000000
          -2.9540958           0.9044113           0.8564658           0.0000000           0.0000000           0.0000000           0.0000000
          -2.9326893           0.9043193           0.8563626           0.0000000           0.0000000           0.0000000           0.0000000
          -2.9112828           0.9042286           0.8562633           0.0000000           0.0000000           0.0000000           0.0000000
          -2.8898763           0.9041392           0.8561677           0.0000000           0.0000000           0.0000000           0.0000000
          -2.8684698           0.9040510           0.8560757           0.0000000           0.0000000           0.0000000           0.0000000
          -2.8470634           0.9039640           0.8559870           0.0000000           0.0000000           0.0000000           0.0000000
          -2.8256569           0.9038782           0.8559015           0.0000000           0.0000000           0.0000000           0.0000000
          -2.8042504           0.9037936           0.8558190           0.0000000           0.0000000           0.0000000           0.0000000
          -2.7828439           0.9037099           0.8557394           0.0000000           0.0000000           0.0000000           0.0000000
          -2.7614374           0.9036273           0.8556624           0.0000000           0.0000000           0.0000000           0.0000000
          -2.7400309           0.9035456           0.8555879           0.0000000           0.0000000           0.0000000           0.0000000
          -2.7186244           0.9034649           0.8555157           0.0000000           0.0000000           0.0000000           0.0000000
          -2.6972179           0.9033850           0.8554456           0.0000000           0.0000000           0.0000000           0.0000000
          -2.6758114           0.9033058           0.8553775           0.0000000           0.0000000           0.0000000           0.0000000
          -2.6544049           0.9032274           0.8553111           0.0000000           0.0000000           0.0000000           0.0000000
          -2.6329984           0.9031497           0.8552462           0.0000000           0.0000000           0.0000000           0.0000000
          -2.6115920           0.9030726           0.8551828           0.0000000           0.0000000           0.0000000           0.0000000
          -2.5901855           0.9029960           0.8551205           0.0000000           0.0000000           0.0000000           0.0000000
          -2.5687790           0.9029199           0.8550593           0.0000000           0.0000000           0.0000000           0.0000000
          -2.5473725           0.9028442           0.8549990           0.0000000           0.0000000           0.0000000           0.0000000
          -2.5259660           0.9027688           0.8549394           0.0000000           0.0000000           0.0000000           0.0000000
          -2.5045595           0.9026936           0.8548803           0.0000000           0.0000000           0.0000000           0.0000000
          -2.4831530           0.9026186           0.8548215           0.0000000           0.0000000           0.0000000           0.0000000
          -2.4617465           0.9025437           0.8547629           0.0000000           0.0000000           0.0000000           0.0000000
          -2.4403400           0.9024688           0.8547044           0.0000000           0.0000000           0.0000000           0.0000000
          -2.4189335           0.9023938           0.8546457           0.0000000           0.0000000           0.0000000           0.0000000
          -2.3975270           0.9023185           0.8545868           0.0000000           0.0000000           0.0000000           0.0000000
          -2.3761205           0.9022430           0.8545273           0.0000000           0.0000000           0.0000000           0.0000000
          -2.3547141           0.9021670           0.8544673           0.0000000           0.0000000           0.0000000           0.0000000
          -2.3333076           0.9020905           0.8544065           0.0000000           0.0000000           0.0000000           0.0000000
          -2.3119011           0.9020134           0.8543447           0.0000000           0.0000000           0.0000000           0.0000000
          -2.2904946           0.9019355           0.8542819           0.0000000           0.0000000           0.0000000           0.0000000
          -2.2690881           0.9018566           0.8542179           0.0000000           0.0000000           0.0000000           0.0000000
          -2.2476816           0.9017767           0.8541524           0.0000000           0.0000000           0.0000000           0.0000000
          -2.2262751           0.9016956           0.8540854           0.0000000           0.0000000           0.0000000           0.0000000
          -2.2048686           0.9016131           0.8540167           0.0000000           0.0000000           0.0000000           0.0000000
          -2.1834621           0.9015292           0.8539462           0.0000000           0.0000000           0.0000000           0.0000000
          -2.1620556           0.9014435           0.8538736           0.0000000           0.0000000           0.0000000           0.0000000
          -2.1406491           0.9013559           0.8537987           0.0000000           0.0000000           0.0000000           0.0000000
          -2.1192426           0.9012662           0.8537215           0.0000000           0.0000000           0.0000000           0.0000000
          -2.0978362           0.9011742           0.8536417           0.0000000           0.0000000           0.0000000           0.0000000
          -2.0764297           0.9010798           0.8535592           0.0000000           0.0000000           0.0000000           0.0000000
          -2.0550232           0.9009825           0.8534737           0.0000000           0.0000000           0.0000000           0.0000000
          -2.0336167           0.9008823           0.8533851           0.0000000           0.0000000           0.0000000           0.0000000
          -2.0122102           0.9007788           0.8532930           0.0000000           0.0000000           0.0000000           0.0000000
          -1.9908037           0.9006717           0.8531973           0.0000000           0.0000000           0.0000000           0.0000000
          -1.9693972           0.9005609           0.8530978           0.0000000           0.0000000           0.0000000           0.0000000
          -1.9479907           0.9004458           0.8529941           0.0000000           0.0000000           0.0000000           0.0000000
          -1.9265842           0.9003263           0.8528860           0.0000000           0.0000000           0.0000000           0.0000000
          -1.9051777           0.9002020           0.8527731           0.0000000           0.0000000           0.0000000           0.0000000
          -1.8837712           0.9000724           0.8526552           0.0000000           0.0000000           0.0000000           0.0000000
          -1.8623648           0.8999373           0.8525320           0.0000000           0.0000000           0.0000000           0.0000000
          -1.8409583           0.8997961           0.8524029           0.0000000           0.0000000           0.0000000           0.0000000
          -1.8195518           0.8996484           0.8522677           0.0000000           0.0000000           0.0000000           0.0000000
          -1.7981453           0.8994937           0.8521259           0.0000000           0.0000000           0.0000000           0.0000000
          -1.7767388           0.8993317           0.8519770           0.0000000           0.0000000           0.0000000           0.0000000
          -1.7553323           0.8991616           0.8518206           0.0000000           0.0000000           0.0000000           0.0000000
          -1.7339258           0.8989829           0.8516562           0.0000000           0.0000000           0.0000000           0.0000000
          -1.7125193           0.8987951           0.8514831           0.0000000           0.0000000           0.0000000           0.0000000
          -1.6911128           0.8985975           0.8513008           0.0000000           0.0000000           0.0000000           0.0000000
          -1.6697063           0.8983894           0.8511086           0.0000000           0.0000000           0.0000000           0.0000000
          -1.6482998           0.8981701           0.8509059           0.0000000           0.0000000           0.0000000           0.0000000
          -1.6268933           0.8979388           0.8506920           0.0000000           0.0000000           0.0000000           0.0000000
          -1.6054869           0.8976948           0.8504660           0.0000000           0.0000000           0.0000000           0.0000000
          -1.5840804           0.8974371           0.8502271           0.0000000           0.0000000           0.0000000           0.0000000
          -1.5626739           0.8971649           0.8499745           0.0000000           0.0000000           0.0000000           0.0000000
          -1.5412674           0.8968771           0.8497072           0.0000000           0.0000000           0.0000000           0.0000000
          -1.5198609           0.8965729           0.8494243           0.0000000           0.0000000           0.0000000           0.0000000
          -1.4984544           0.8962510           0.8491247           0.0000000           0.0000000           0.0000000           0.0000000
          -1.4770479           0.8959103           0.8488073           0.0000000           0.0000000           0.0000000           0.0000000
          -1.4556414           0.8955498           0.8484710           0.0000000           0.0000000           0.0000000           0.0000000
          -1.4342349           0.8951679           0.8481144           0.0000000           0.0000000           0.0000000           0.0000000
          -1.4128284           0.8947635           0.8477364           0.0000000           0.0000000           0.0000000           0.0000000
          -1.3914219           0.8943350           0.8473355           0.0000000           0.0000000           0.0000000           0.0000000
          -1.3700154           0.8938810           0.8469104           0.0000000           0.0000000           0.0000000           0.0000000
          -1.3486090           0.8933999           0.8464593           0.0000000           0.0000000           0.0000000           0.0000000
          -1.3272025           0.8928900           0.8459809           0.0000000           0.0000000           0.0000000           0.0000000
          -1.3057960           0.8923495           0.8454733           0.0000000           0.0000000           0.0000000           0.0000000
          -1.2843895           0.8917765           0.8449348           0.0000000           0.0000000           0.0000000           0.0000000
          -1.2629830           0.8911691           0.8443635           0.0000000           0.0000000           0.0000000           0.0000000
          -1.2415765           0.8905253           0.8437575           0.0000000           0.0000000           0.0000000           0.0000000
          -1.2201700           0.8898428           0.8431148           0.0000000           0.0000000           0.0000000           0.0000000
          -1.1987635           0.8891194           0.8424330           0.0000000           0.0000000           0.0000000           0.0000000
          -1.1773570           0.8883527           0.8417101           0.0000000           0.0000000           0.0000000           0.0000000
          -1.1559505           0.8875401           0.8409436           0.0000000           0.0000000           0.0000000           0.0000000
          -1.1345440           0.8866792           0.8401311           0.0000000           0.0000000           0.0000000           0.0000000
          -1.1131376           0.8857670           0.8392699           0.0000000           0.0000000           0.0000000           0.0000000
          -1.0917311           0.8848009           0.8383575           0.0000000           0.0000000           0.0000000           0.0000000
          -1.0703246           0.8837778           0.8373909           0.0000000           0.0000000           0.0000000           0.0000000
          -1.0489181           0.8826945           0.8363672           0.0000000           0.0000000           0.0000000           0.0000000
          -1.0275116           0.8815480           0.8352835           0.0000000           0.0000000           0.0000000           0.0000000
          -1.0061051           0.8803348           0.8341365           0.0000000           0.0000000           0.0000000           0.0000000
          -0.9846986           0.8790514           0.8329230           0.0000000           0.0000000           0.0000000           0.0000000
          -0.9632921           0.8776944           0.8316396           0.0000000           0.0000000           0.0000000           0.0000000
          -0.9418856           0.8762601           0.8302829           0.0000000           0.0000000           0.0000000           0.0000000
          -0.9204791           0.8747445           0.8288492           0.0000000           0.0000000           0.0000000           0.0000000
          -0.8990726           0.8731439           0.8273348           0.0000000           0.0000000           0.0000000           0.0000000
          -0.8776661           0.8714543           0.8257360           0.0000000           0.0000000           0.0000000           0.0000000
          -0.8562597           0.8696715           0.8240489           0.0000000           0.0000000           0.0000000           0.0000000
          -0.8348532           0.8677914           0.8222695           0.0000000           0.0000000           0.0000000           0.0000000
          -0.8134467           0.8658098           0.8203940           0.0000000           0.0000000           0.0000000           0.0000000
          -0.7920402           0.8637224           0.8184181           0.0000000           0.0000000           0.0000000           0.0000000
          -0.7706337           0.8615249           0.8163379           0.0000000           0.0000000           0.0000000           0.0000000
          -0.7492272           0.8592130           0.8141492           0.0000000           0.0000000           0.0000000           0.0000000
          -0.7278207           0.8567824           0.8118479           0.0000000           0.0000000           0.0000000           0.0000000
          -0.7064142           0.8542288           0.8094299           0.0000000           0.0000000           0.0000000           0.0000000
          -0.6850077           0.8515478           0.8068912           0.0000000           0.0000000           0.0000000           0.0000000
          -0.6636012           0.8487353           0.8042278           0.0000000           0.0000000           0.0000000           0.0000000
          -0.6421947           0.8457871           0.8014357           0.0000000           0.0000000           0.0000000           0.0000000
          -0.6207883           0.8426993           0.7985112           0.0000000           0.0000000           0.0000000           0.0000000
          -0.5993818           0.8394679           0.7954506           0.0000000           0.0000000           0.0000000           0.0000000
          -0.5779753           0.8360893           0.7922504           0.0000000           0.0000000           0.0000000           0.0000000
          -0.5565688           0.8325599           0.7889072           0.0000000           0.0000000           0.0000000           0.0000000
          -0.5351623           0.8288764           0.7854179           0.0000000           0.0000000           0.0000000           0.0000000
          -0.5137558           0.8250359           0.7817797           0.0000000           0.0000000           0.0000000           0.0000000
          -0.4923493           0.8210355           0.7779899           0.0000000           0.0000000           0.0000000           0.0000000
          -0.4709428           0.8168728           0.7740462           0.0000000           0.0000000           0.0000000           0.0000000
          -0.4495363           0.8125457           0.7699466           0.0000000           0.0000000           0.0000000           0.0000000
          -0.4281298           0.8080524           0.7656895           0.0000000           0.0000000           0.0000000           0.0000000
          -0.4067233           0.8033915           0.7612735           0.0000000           0.0000000           0.0000000           0.0000000
          -0.3853168           0.7985621           0.7566977           0.0000000           0.0000000           0.0000000           0.0000000
          -0.3639104           0.7935635           0.7519616           0.0000000           0.0000000           0.0000000           0.0000000
          -0.3425039           0.7883958           0.7470651           0.0000000           0.0000000           0.0000000           0.0000000
          -0.3210974           0.7830592           0.7420085           0.0000000           0.0000000           0.0000000           0.0000000
          -0.2996909           0.7775545           0.7367926           0.0000000           0.0000000           0.0000000           0.0000000
          -0.2782844           0.7718831           0.7314186           0.0000000           0.0000000           0.0000000           0.0000000
          -0.2568779           0.7660466           0.7258882           0.0000000           0.0000000           0.0000000           0.0000000
          -0.2354714           0.7600473           0.7202034           0.0000000           0.0000000           0.0000000           0.0000000
          -0.2140649           0.7538879           0.7143669           0.0000000           0.0000000           0.0000000           0.0000000
          -0.1926584           0.7475715           0.7083816           0.0000000           0.0000000           0.0000000           0.0000000
          -0.1712519           0.7411018           0.7022510           0.0000000           0.0000000           0.0000000           0.0000000
          -0.1498454           0.7344828           0.6959788           0.0000000           0.0000000           0.0000000           0.0000000
          -0.1284389           0.7277189           0.6895694           0.0000000           0.0000000           0.0000000           0.0000000
          -0.1070325           0.7208150           0.6830272           0.0000000           0.0000000           0.0000000           0.0000000
          -0.0856260           0.7137764           0.6763573           0.0000000           0.0000000           0.0000000           0.0000000
          -0.0642195           0.7066085           0.6695649           0.0000000           0.0000000           0.0000000           0.0000000
          -0.0428130           0.6993174           0.6626557           0.0000000           0.0000000           0.0000000           0.0000000
          -0.0214065           0.6919092           0.6556355           0.0000000           0.0000000           0.0000000           0.0000000
           0.0000000           0.6843903           0.6485104           0.0000000           0.0000000           0.0000000           0.0000000
