           1  -1496240.99110026     
           2   26925.5953354117     
           3   1550092.18177109     
           4   6755.04178170657     
           5  -481965.980266885     
           6   1713.98691700237     
           7   130918.935430258     
           8   386.264080548006     
           9  -34815.6403274532     
          10   92.1542881891022     
          11   9937.55765074999     
          12   33.8447716063147     
          13  -4968.33787577397     
          14  -3554.22325766048     
          15   6.98579974273454     
          16   2241.31211070721     
          17   2855.68105140667     
          18   2352.24363849041     
          19   1233.15088860772     
          20  0.553818407889346     
          21  -935.301392330301     
          22  -1531.78791131010     
          23  -1838.18374310526     
          24  -1903.76689228954     
          25  -1777.81536343670     
          26  -1509.60716112048     
          27  -1148.42028991465     
          28  -743.532754392952     
          29  -344.222559129152     
          30  0.232291302998207     
          31   250.967391787706     
          32   410.772735041025     
          33   492.851913236974     
          34   510.408518549568     
          35   476.646143152824     
          36   404.768379220759     
          37   307.978818927390     
          38   199.481054446734     
          39   92.4786779528069     
          40  0.175281619626100     
          41  -67.0157878243947     
          42  -109.842165433254     
          43  -131.841731706553     
          44  -136.552367143893     
          45  -127.511952244875     
          46  -108.258367509101     
          47  -82.3294934361712     
          48  -53.2632105256879     
          49  -24.5973992772520     
          50  0.130059809535204     
          51   18.1289275427377     
          52   29.5995299610807     
          53   35.4898344109549     
          54   36.7478082387508     
          55   34.3214187908590     
          56   29.1586334136702     
          57   22.2074194535748     
          58   14.4157442569636     
          59   6.73157517022696     
          60  0.102879539755602     
          61  -4.72270201577805     
          62  -7.79883578857409     
          63  -9.37951479855074     
          64  -9.71873206562621     
          65  -9.07048060971873     
          66  -7.68875345074651     
          67  -5.82754360862779     
          68  -3.74084410328078     
          69  -1.68264795462371     
          70  9.305181742521276E-002
          71   1.38593201390419     
          72   2.21034871967721     
          73   2.63432784056466     
          74   2.72589528238697     
          75   2.55307695096454     
          76   2.18389875211778     
          77   1.68638659166710     
          78   1.12856637543292     
          79  0.578464009235630     
          80  0.104105398895654     
          81 -0.240841612388827     
          82 -0.460141431908532     
          83 -0.571916529576406     
          84 -0.594289375305392     
          85 -0.545382439008435     
          86 -0.443318190598477     
          87 -0.306219099988464     
          88 -0.152207637091340     
          89  5.937281799514582E-004
          90  0.134062525912466     
          91  0.233837710992021     
          92  0.300603937499473     
          93  0.338807284314442     
          94  0.352893830316548     
          95  0.347309654385407     
          96  0.326500835400641     
          97  0.294913452241866     
          98  0.256993583788704     
          99  0.217187308920771     
         100  0.179940706517687     
         101  0.148885429925887     
         102  0.124395430359069     
         103  0.106030233497745     
         104  9.334936502242987E-002
         105  8.591235061363578E-002
         106  8.327871595187661E-002
         107  8.500798671766571E-002
         108  9.065968859151652E-002
         109  9.979334725394232E-002
         110  0.111968488385457     
         111  0.126744637666573     
         112  0.143681320777804     
         113  0.162338063399664     
         114  0.182274391212665     
         115  0.203049829897322     
         116  0.224223905134148     
         117  0.245356142603656     
         118  0.266006067986359     
         119  0.285733206962771     
         120  0.304097085213405     
         121  0.320749473627432     
         122  0.335711123928647     
         123  0.349095033049506     
         124  0.361014197922460     
         125  0.371581615479965     
         126  0.380910282654473     
         127  0.389113196378437     
         128  0.396303353584312     
         129  0.402593751204551     
         130  0.408097386171608     
         131  0.412927255417936     
         132  0.417196355875988     
         133  0.421017684478219     
         134  0.424504238157081     
         135  0.427769013845029     
         136  0.430925008474516     
         137  0.434085218977994     
         138  0.437362642287919     
         139  0.440870275336744     
         140  0.444721115056921     
         141  0.449003630396699     
         142  0.453708178367501     
         143  0.458800587996545     
         144  0.464246688311047     
         145  0.470012308338225     
         146  0.476063277105297     
         147  0.482365423639480     
         148  0.488884576967991     
         149  0.495586566118048     
         150  0.502437220116868     
         151  0.509402367991668     
         152  0.516447838769666     
         153  0.523539461478080     
         154  0.530643065144126     
         155  0.537724478795023     
         156  0.544749531457987     
         157  0.551684052160235     
         158  0.558493869928986     
         159  0.565144813791457     
         160  0.571602712774864     
         161  0.577840181867339     
         162  0.583856979900660     
         163  0.589659651667519     
         164  0.595254741960609     
         165  0.600648795572622     
         166  0.605848357296250     
         167  0.610859971924185     
         168  0.615690184249119     
         169  0.620345539063744     
         170  0.624832581160752     
         171  0.629157855332836     
         172  0.633327906372688     
         173  0.637349279072999     
         174  0.641228518226461     
         175  0.644972168625768     
         176  0.648586775063611     
         177  0.652078882332681     
         178  0.655455035225672     
         179  0.658721778535274     
         180  0.661885657054182     
         181  0.664951689625994     
         182  0.667918791297949     
         183  0.670784351168191     
         184  0.673545758334866     
         185  0.676200401896120     
         186  0.678745670950099     
         187  0.681178954594947     
         188  0.683497641928812     
         189  0.685699122049837     
         190  0.687780784056169     
         191  0.689740017045954     
         192  0.691574210117337     
         193  0.693280752368463     
         194  0.694857032897479     
         195  0.696300440802529     
         196  0.697608365181760     
         197  0.698778195133316     
         198  0.699807319755345     
         199  0.700693128145990     
         200  0.701433009403399     
         201  0.702025052617058     
         202  0.702470146841824     
         203  0.702769881123897     
         204  0.702925844509475     
         205  0.702939626044758     
         206  0.702812814775944     
         207  0.702546999749233     
         208  0.702143770010822     
         209  0.701604714606913     
         210  0.700931422583702     
         211  0.700125482987391     
         212  0.699188484864176     
         213  0.698122017260258     
         214  0.696927669221836     
         215  0.695607029795107     
         216  0.694161688026273     
         217  0.692593232961530     
         218  0.690903253647079     
         219  0.689093339129119     
         220  0.687165078453848     
         221  0.685120060667466     
         222  0.682959874816170     
         223  0.680686109946162     
         224  0.678300355103639     
         225  0.675804199334800     
         226  0.673199283174832     
         227  0.670487453114872     
         228  0.667670607135042     
         229  0.664750643215469     
         230  0.661729459336274     
         231  0.658608953477583     
         232  0.655391023619519     
         233  0.652077567742205     
         234  0.648670483825767     
         235  0.645171669850328     
         236  0.641583023796012     
         237  0.637906443642942     
         238  0.634143827371243     
         239  0.630297072961040     
         240  0.626368078392454     
         241  0.622358741645612     
         242  0.618270960700636     
         243  0.614106633537650     
         244  0.609867658136779     
         245  0.605555932478147     
         246  0.601173354541876     
         247  0.596721822308093     
         248  0.592203233756919     
         249  0.587619486868480     
         250  0.582972479622898     
         251  0.578264225008009     
         252  0.573497196042482     
         253  0.568673980752699     
         254  0.563797167165042     
         255  0.558869343305891     
         256  0.553893097201626     
         257  0.548871016878630     
         258  0.543805690363283     
         259  0.538699705681965     
         260  0.533555650861059     
         261  0.528376113926944     
         262  0.523163682906003     
         263  0.517920945824615     
         264  0.512650490709163     
         265  0.507354905586026     
         266  0.502036778481586     
         267  0.496698697422224     
         268  0.491343250434321     
         269  0.485973025544257     
         270  0.480590610778415     
         271  0.475198594163174     
         272  0.469799563724917     
         273  0.464396107490022     
         274  0.458990813484873     
         275  0.453586269735850     
         276  0.448185029433805     
         277  0.442789506427482     
         278  0.437402079730096     
         279  0.432025128354861     
         280  0.426661031314992     
         281  0.421312167623703     
         282  0.415980916294211     
         283  0.410669656339729     
         284  0.405380766773472     
         285  0.400116626608656     
         286  0.394879614858495     
         287  0.389672110536204     
         288  0.384496492654998     
         289  0.379355140228091     
         290  0.374250432268698     
         291  0.369184747790035     
         292  0.364160465805316     
         293  0.359179965327756     
         294  0.354245625370570     
         295  0.349359824946972     
         296  0.344524943070178     
         297  0.339743358753402     
         298  0.335017451009859     
         299  0.330349598852765     
         300  0.325742181295333     
         301  0.321197295823812     
         302  0.316715913816589     
         303  0.312298725125084     
         304  0.307946419600715     
         305  0.303659687094904     
         306  0.299439217459069     
         307  0.295285700544631     
         308  0.291199826203010     
         309  0.287182284285625     
         310  0.283233764643896     
         311  0.279354957129242     
         312  0.275546551593085     
         313  0.271809237886844     
         314  0.268143705861937     
         315  0.264550645369787     
         316  0.261030746261811     
         317  0.257584698389430     
         318  0.254213191604065     
         319  0.250916915757134     
         320  0.247696560700057     
         321  0.244552816284255     
         322  0.241486372361147     
         323  0.238497918782153     
         324  0.235588145398693     
         325  0.232757742062186     
         326  0.230007398624054     
         327  0.227337804935714     
         328  0.224749650848588     
         329  0.222243626214094     
         330  0.219820420883654     
         331  0.217480724708686     
         332  0.215225227540611     
         333  0.213054619230849     
         334  0.210969589630818     
         335  0.208970828591940     
         336  0.207059025965633     
         337  0.205234871603318     
         338  0.203499055356415     
         339  0.201852267076343     
         340  0.200295196614523     
         341  0.198828533822373     
         342  0.197452968551315     
         343  0.196169190652767     
         344  0.194977889978150     
         345  0.193879756378883     
         346  0.192875479706387     
         347  0.191965749812080     
         348  0.191151256547384     
         349  0.190432689763717     
         350  0.189810739312500     
         351  0.189285741557910     
         352  0.188856618915152     
         353  0.188521940312190     
         354  0.188280274676987     
         355  0.188130190937507     
         356  0.188070258021711     
         357  0.188099044857565     
         358  0.188215120373030     
         359  0.188417053496069     
         360  0.188703413154647     
         361  0.189072768276726     
         362  0.189523687790270     
         363  0.190054740623241     
         364  0.190664495703604     
         365  0.191351521959320     
         366  0.192114388318353     
         367  0.192951663708667     
         368  0.193861917058224     
         369  0.194843717294988     
         370  0.195895633346922     
         371  0.197016234141988     
         372  0.198204088608152     
         373  0.199457765673374     
         374  0.200775834265620     
         375  0.202156863312851     
         376  0.203599421743031     
         377  0.205102078484123     
         378  0.206663402464091     
         379  0.208281962610897     
         380  0.209956327852505     
         381  0.211685067116878     
         382  0.213466749331979     
         383  0.215299943425772     
         384  0.217183218326218     
         385  0.219115142961283     
         386  0.221094286258928     
         387  0.223119217147117     
         388  0.225188504553814     
         389  0.227300717406980     
         390  0.229454424634581     
         391  0.231648195164578     
         392  0.233880597924935     
         393  0.236150201843615     
         394  0.238455575848581     
         395  0.240795288867797     
         396  0.243167909829226     
         397  0.245572007660830     
         398  0.248006151290573     
         399  0.250468909646419     
         400  0.252958851656330     
         401  0.255474515316000     
         402  0.258014314892048     
         403  0.260576633718823     
         404  0.263159855130673     
         405  0.265762362461947     
         406  0.268382539046995     
         407  0.271018768220165     
         408  0.273669433315807     
         409  0.276332917668269     
         410  0.279007604611900     
         411  0.281691877481050     
         412  0.284384119610067     
         413  0.287082714333300     
         414  0.289786044985098     
         415  0.292492494899810     
         416  0.295200447411786     
         417  0.297908285855374     
         418  0.300614393564923     
         419  0.303317153874782     
         420  0.306014950119300     
         421  0.308706165632826     
         422  0.311389183749709     
         423  0.314062387804299     
         424  0.316724161130943     
         425  0.319372887063991     
         426  0.322006948937792     
         427  0.324624730086694     
         428  0.327224613845048     
         429  0.329804983547202     
         430  0.332364222527504     
         431  0.334900714120304     
         432  0.337412841659951     
         433  0.339898988480793     
         434  0.342357537917180     
         435  0.344786873303461     
         436  0.347185377973985     
         437  0.349551435263100     
         438  0.351883428505156     
         439  0.354179741034501     
         440  0.356438756185485     
         441  0.358658857292456     
         442  0.360838427689764     
         443  0.362975850711758     
         444  0.365069509692785     
         445  0.367117787967196     
         446  0.369119068869340     
         447  0.371071735733565     
         448  0.372974171894220     
         449  0.374824760685655     
         450  0.376621885442218     
         451  0.378364188127412     
         452  0.380051345221356     
         453  0.381683291833325     
         454  0.383259963072591     
         455  0.384781294048428     
         456  0.386247219870108     
         457  0.387657675646906     
         458  0.389012596488095     
         459  0.390311917502948     
         460  0.391555573800738     
         461  0.392743500490739     
         462  0.393875632682224     
         463  0.394951905484467     
         464  0.395972254006740     
         465  0.396936613358317     
         466  0.397844918648472     
         467  0.398697104986478     
         468  0.399493107481608     
         469  0.400232861243136     
         470  0.400916301380334     
         471  0.401543363002477     
         472  0.402113981218838     
         473  0.402628091138689     
         474  0.403085627871305     
         475  0.403486526525958     
         476  0.403830722211922     
         477  0.404118150038471     
         478  0.404348745114878     
         479  0.404522442550415     
         480  0.404639177454357     
         481  0.404698884935977     
         482  0.404701500104547     
         483  0.404646958069343     
         484  0.404535193939636     
         485  0.404366142824700     
         486  0.404139739833809     
         487  0.403855920076235     
         488  0.403514618661253     
         489  0.403115770698136     
         490  0.402659311296156     
         491  0.402145175564588     
         492  0.401573298612704     
         493  0.400943615549778     
         494  0.400256061485084     
         495  0.399510571527894     
         496  0.398707080787482     
         497  0.397845524373122     
         498  0.396925837394086     
         499  0.395947954959649     
         500  0.394911812179082     
         501  0.393817567228563     
         502  0.392666270551871     
         503  0.391459195659689     
         504  0.390197616062702     
         505  0.388882805271592     
         506  0.387516036797042     
         507  0.386098584149735     
         508  0.384631720840354     
         509  0.383116720379582     
         510  0.381554856278102     
         511  0.379947402046597     
         512  0.378295631195751     
         513  0.376600817236246     
         514  0.374864233678765     
         515  0.373087154033992     
         516  0.371270851812609     
         517  0.369416600525300     
         518  0.367525673682747     
         519  0.365599344795633     
         520  0.363638887374643     
         521  0.361645574930458     
         522  0.359620680973761     
         523  0.357565479015237     
         524  0.355481242565567     
         525  0.353369245135435     
         526  0.351230760235524     
         527  0.349067061376517     
         528  0.346879422069097     
         529  0.344669115823946     
         530  0.342437416151749     
         531  0.340185596563188     
         532  0.337914930568946     
         533  0.335626691679706     
         534  0.333322153406152     
         535  0.331002589258966     
         536  0.328669272748831     
         537  0.326323477386430     
         538  0.323966476682447     
         539  0.321599544147564     
         540  0.319223953292465     
         541  0.316840977627832     
         542  0.314451890664349     
         543  0.312057965912699     
         544  0.309660476883564     
         545  0.307260697087628     
         546  0.304859900035573     
         547  0.302459359238084     
         548  0.300060348205842     
         549  0.297664140449531     
         550  0.295272009479834     
         551  0.292885187120426     
         552  0.290504738446946     
         553  0.288131686848026     
         554  0.285767055712299     
         555  0.283411868428395     
         556  0.281067148384946     
         557  0.278733918970585     
         558  0.276413203573942     
         559  0.274106025583650     
         560  0.271813408388340     
         561  0.269536375376643     
         562  0.267275949937192     
         563  0.265033155458618     
         564  0.262809015329553     
         565  0.260604552938629     
         566  0.258420791674477     
         567  0.256258754925728     
         568  0.254119466081015     
         569  0.252003948528969     
         570  0.249913225658222     
         571  0.247848320857406     
         572  0.245810257515151     
         573  0.243800059020091     
         574  0.241818748760856     
         575  0.239867350126079     
         576  0.237946886504391     
         577  0.236058381284423     
         578  0.234202857854807     
         579  0.232381339604176     
         580  0.230594849921160     
         581  0.228844412194392     
         582  0.227131049812502     
         583  0.225455786164123     
         584  0.223819644637887     
         585  0.222223648622425     
         586  0.220668821506368     
         587  0.219156186678349     
         588  0.217686767526999     
         589  0.216261587440950     
         590  0.214881669808833     
         591  0.213548038019281     
         592  0.212261715460924     
         593  0.211023725522395     
         594  0.209835091592324     
         595  0.208696837059345     
         596  0.207609985312089     
         597  0.206575559739186     
         598  0.205594583729270     
         599  0.204668080670971     
         600  0.203797073952921     
         601  0.202982356943724     
         602  0.202223802931872     
         603  0.201521055185829     
         604  0.200873756974059     
         605  0.200281551565026     
         606  0.199744082227193     
         607  0.199260992229025     
         608  0.198831924838986     
         609  0.198456523325539     
         610  0.198134430957149     
         611  0.197865291002279     
         612  0.197648746729394     
         613  0.197484441406957     
         614  0.197372018303432     
         615  0.197311120687284     
         616  0.197301391826976     
         617  0.197342474990972     
         618  0.197434013447737     
         619  0.197575650465734     
         620  0.197767029313427     
         621  0.198007793259280     
         622  0.198297585571757     
         623  0.198636049519321     
         624  0.199022828370438     
         625  0.199457565393571     
         626  0.199939903857184     
         627  0.200469487029740     
         628  0.201045958179704     
         629  0.201668960575540     
         630  0.202338137485712     
         631  0.203053132178683     
         632  0.203813587922918     
         633  0.204619147986880     
         634  0.205469455639034     
         635  0.206364154147843     
         636  0.207302886781772     
         637  0.208285296809284     
         638  0.209311027498844     
         639  0.210379722118915     
         640  0.211491023937961     
         641  0.212644576224446     
         642  0.213840022246834     
         643  0.215077005273590     
         644  0.216355168573176     
         645  0.217674155414058     
         646  0.219033609064699     
         647  0.220433172793562     
         648  0.221872489869113     
         649  0.223351203559814     
         650  0.224868957134130     
         651  0.226425261203178     
         652  0.228019095748686     
         653  0.229649308095036     
         654  0.231314745566609     
         655  0.233014255487787     
         656  0.234746685182952     
         657  0.236510881976484     
         658  0.238305693192766     
         659  0.240129966156179     
         660  0.241982548191105     
         661  0.243862286621924     
         662  0.245768028773019     
         663  0.247698621968771     
         664  0.249652913533562     
         665  0.251629750791773     
         666  0.253627981067785     
         667  0.255646451685981     
         668  0.257684009970741     
         669  0.259739503246448     
         670  0.261811778837482     
         671  0.263899684068226     
         672  0.266002066263060     
         673  0.268117772746367     
         674  0.270245650842528     
         675  0.272384547875924     
         676  0.274533311170937     
         677  0.276690788051949     
         678  0.278855825843340     
         679  0.281027271869493     
         680  0.283203973454789     
         681  0.285384777923610     
         682  0.287568532600336     
         683  0.289754084809351     
         684  0.291940281875034     
         685  0.294125971121768     
         686  0.296309999873934     
         687  0.298491215455914     
         688  0.300668465192089     
         689  0.302840596406841     
         690  0.305006456424551     
         691  0.307164892569601     
         692  0.309314752166373     
         693  0.311454882539247     
         694  0.313584131012606     
         695  0.315701344910830     
         696  0.317805371558302     
         697  0.319895058279403     
         698  0.321969252398515     
         699  0.324026801240018     
         700  0.326066552128295     
         701  0.328087426909204     
         702  0.330088645514508     
         703  0.332069502397447     
         704  0.334029292011261     
         705  0.335967308809191     
         706  0.337882847244476     
         707  0.339775201770358     
         708  0.341643666840075     
         709  0.343487536906868     
         710  0.345306106423977     
         711  0.347098669844643     
         712  0.348864521622105     
         713  0.350602956209603     
         714  0.352313268060377     
         715  0.353994751627669     
         716  0.355646701364717     
         717  0.357268411724762     
         718  0.358859177161044     
         719  0.360418292126803     
         720  0.361945051075279     
         721  0.363438748459712     
         722  0.364898678733343     
         723  0.366324136349411     
         724  0.367714415761157     
         725  0.369068811421821     
         726  0.370386617784643     
         727  0.371667129302863     
         728  0.372909640429720     
         729  0.374113445618456     
         730  0.375277839322310     
         731  0.376402115994523     
         732  0.377485570088334     
         733  0.378527496056984     
         734  0.379527188353713     
         735  0.380483941431760     
         736  0.381397049744366     
         737  0.382265807744772     
         738  0.383089509886217     
         739  0.383867450621941     
         740  0.384598924405184     
         741  0.385283225689187     
         742  0.385919648927190     
         743  0.386507488572432     
         744  0.387046039078154     
         745  0.387534594897596     
         746  0.387972450483999     
         747  0.388358900290601     
         748  0.388693238770644     
         749  0.388974760377367     
         750  0.389202759564011     
         751  0.389376728023252     
         752  0.389496946405512     
         753  0.389563892600651     
         754  0.389578044498526     
         755  0.389539879988998     
         756  0.389449876961924     
         757  0.389308513307164     
         758  0.389116266914576     
         759  0.388873615674019     
         760  0.388581037475352     
         761  0.388239010208434     
         762  0.387848011763123     
         763  0.387408520029278     
         764  0.386921012896759     
         765  0.386385968255424     
         766  0.385803863995131     
         767  0.385175178005740     
         768  0.384500388177109     
         769  0.383779972399098     
         770  0.383014408561564     
         771  0.382204174554367     
         772  0.381349748267366     
         773  0.380451607590419     
         774  0.379510230413386     
         775  0.378526094626124     
         776  0.377499678118493     
         777  0.376431458780352     
         778  0.375321914501560     
         779  0.374171523171974     
         780  0.372980762681455     
         781  0.371750110919860     
         782  0.370480045777049     
         783  0.369171045142881     
         784  0.367823586907213     
         785  0.366438148959906     
         786  0.365015209190818     
         787  0.363555245489807     
         788  0.362058735746733     
         789  0.360526157851455     
         790  0.358957989693830     
         791  0.357354709163718     
         792  0.355716794150978     
         793  0.354044722545469     
         794  0.352338972237049     
         795  0.350600021115576     
         796  0.348828347070911     
         797  0.347024427992912     
         798  0.345188741771437     
         799  0.343321766296346     
         800  0.341423979457497     
         801  0.339495939372030     
         802  0.337538525066210     
         803  0.335552695793585     
         804  0.333539410807701     
         805  0.331499629362104     
         806  0.329434310710342     
         807  0.327344414105960     
         808  0.325230898802506     
         809  0.323094724053525     
         810  0.320936849112566     
         811  0.318758233233173     
         812  0.316559835668894     
         813  0.314342615673276     
         814  0.312107532499866     
         815  0.309855545402208     
         816  0.307587613633852     
         817  0.305304696448342     
         818  0.303007753099226     
         819  0.300697742840051     
         820  0.298375624924362     
         821  0.296042358605707     
         822  0.293698903137632     
         823  0.291346217773684     
         824  0.288985261767410     
         825  0.286616994372355     
         826  0.284242374842067     
         827  0.281862362430093     
         828  0.279477916389979     
         829  0.277089995975271     
         830  0.274699560439516     
         831  0.272307569036262     
         832  0.269914981019053     
         833  0.267522755641438     
         834  0.265131852156963     
         835  0.262743229819174     
         836  0.260357847881618     
         837  0.257976665597842     
         838  0.255600642221392     
         839  0.253230737005815     
         840  0.250867909204658     
         841  0.248513118071466     
         842  0.246167322859788     
         843  0.243831482823169     
         844  0.241506557215156     
         845  0.239193505289295     
         846  0.236893286299134     
         847  0.234606859498219     
         848  0.232335184140097     
         849  0.230079219478313     
         850  0.227839924766416     
         851  0.225618176792346     
         852  0.223414522481629     
         853  0.221229426294184     
         854  0.219063352689931     
         855  0.216916766128789     
         856  0.214790131070679     
         857  0.212683911975521     
         858  0.210598573303233     
         859  0.208534579513737     
         860  0.206492395066951     
         861  0.204472484422796     
         862  0.202475312041191     
         863  0.200501342382056     
         864  0.198551039905311     
         865  0.196624869070876     
         866  0.194723294338671     
         867  0.192846780168615     
         868  0.190995791020629     
         869  0.189170791354631     
         870  0.187372245630543     
         871  0.185600618308283     
         872  0.183856373847771     
         873  0.182139976708928     
         874  0.180451891351673     
         875  0.178792582235926     
         876  0.177162513821606     
         877  0.175562150568634     
         878  0.173991956936929     
         879  0.172452397386412     
         880  0.170943936377001     
         881  0.169467038368618     
         882  0.168022167821181     
         883  0.166609789194610     
         884  0.165230366948825     
         885  0.163884365543747     
         886  0.162572249439294     
         887  0.161294483095387     
         888  0.160051530971945     
         889  0.158843857528889     
         890  0.157671927226138     
         891  0.156536204523611     
         892  0.155437153881229     
         893  0.154375239758912     
         894  0.153350926616579     
         895  0.152364678914150     
         896  0.151416961111545     
         897  0.150508237668684     
         898  0.149638973045487     
         899  0.148809631701872     
         900  0.148020678097761     
         901  0.147272428976916     
         902  0.146564610218470     
         903  0.145896799985400     
         904  0.145268576440683     
         905  0.144679517747295     
         906  0.144129202068212     
         907  0.143617207566412     
         908  0.143143112404870     
         909  0.142706494746564     
         910  0.142306932754469     
         911  0.141944004591563     
         912  0.141617288420821     
         913  0.141326362405221     
         914  0.141070804707739     
         915  0.140850193491351     
         916  0.140664106919034     
         917  0.140512123153764     
         918  0.140393820358519     
         919  0.140308776696274     
         920  0.140256570330006     
         921  0.140236779422691     
         922  0.140248982137307     
         923  0.140292756636830     
         924  0.140367681084235     
         925  0.140473333642501     
         926  0.140609292474602     
         927  0.140775135743517     
         928  0.140970441612220     
         929  0.141194788243690     
         930  0.141447753800902     
         931  0.141728916446833     
         932  0.142037854344459     
         933  0.142374145656757     
         934  0.142737368546704     
         935  0.143127101177275     
         936  0.143542921711449     
         937  0.143984408312200     
         938  0.144451139142506     
         939  0.144942692365343     
         940  0.145458646143688     
         941  0.145998578640517     
         942  0.146562068018807     
         943  0.147148692441534     
         944  0.147758030071674     
         945  0.148389659072206     
         946  0.149043157606104     
         947  0.149718103836345     
         948  0.150414075925906     
         949  0.151130652037764     
         950  0.151867410334895     
         951  0.152623883367298     
         952  0.153399421233063     
         953  0.154193328417304     
         954  0.155004909405134     
         955  0.155833468681665     
         956  0.156678310732011     
         957  0.157538740041284     
         958  0.158414061094598     
         959  0.159303578377066     
         960  0.160206596373800     
         961  0.161122419569913     
         962  0.162050352450520     
         963  0.162989699500731     
         964  0.163939765205662     
         965  0.164899854050424     
         966  0.165869270520131     
         967  0.166847319099895     
         968  0.167833304274830     
         969  0.168826530530049     
         970  0.169826302350664     
         971  0.170831924221789     
         972  0.171842700628537     
         973  0.172857936056020     
         974  0.173876934989352     
         975  0.174899001913646     
         976  0.175923441314014     
         977  0.176949557675570     
         978  0.177976655483427     
         979  0.179004039222698     
         980  0.180031013378495     
         981  0.181056882435932     
         982  0.182080950880122     
         983  0.183102523196178     
         984  0.184120903869212     
         985  0.185135397384339     
         986  0.186145308226670     
         987  0.187149940881318     
         988  0.188148599833398     
         989  0.189140589568021     
         990  0.190125214570301     
         991  0.191101779325352     
         992  0.192069588318284     
         993  0.193027946034213     
         994  0.193976156958251     
         995  0.194913525575510     
         996  0.195839356371104     
         997  0.196752953830146     
         998  0.197653622437749     
         999  0.198540666679026     
        1000  0.199413391039090     
        1001  0.200271176026477     
        1002  0.201113706243412     
        1003  0.201940742315546     
        1004  0.202752044868529     
        1005  0.203547374528008     
        1006  0.204326491919634     
        1007  0.205089157669056     
        1008  0.205835132401923     
        1009  0.206564176743884     
        1010  0.207276051320590     
        1011  0.207970516757689     
        1012  0.208647333680830     
        1013  0.209306262715663     
        1014  0.209947064487838     
        1015  0.210569499623003     
        1016  0.211173328746808     
        1017  0.211758312484902     
        1018  0.212324211462935     
        1019  0.212870786306555     
        1020  0.213397797641413     
        1021  0.213905006093158     
        1022  0.214392172287438     
        1023  0.214859056849904     
        1024  0.215305420406204     
        1025  0.215731023581988     
        1026  0.216135627002906     
        1027  0.216518991294605     
        1028  0.216880877082737     
        1029  0.217221044992950     
        1030  0.217539255650894     
        1031  0.217835269682217     
        1032  0.218108847712570     
        1033  0.218359750367602     
        1034  0.218587738272961     
        1035  0.218792572054297     
        1036  0.218974012337260     
        1037  0.219131819747499     
        1038  0.219265754910663     
        1039  0.219375578452402     
        1040  0.219461050998365     
        1041  0.219521933174201     
        1042  0.219557985605559     
        1043  0.219568968918090     
        1044  0.219554643737441     
        1045  0.219514770689264     
        1046  0.219449110399206     
        1047  0.219357423492917     
        1048  0.219239470596047     
        1049  0.219095012334245     
        1050  0.218923809333160     
        1051  0.218725716782755     
        1052  0.218500968130244     
        1053  0.218249891387156     
        1054  0.217972814565019     
        1055  0.217670065675360     
        1056  0.217341972729708     
        1057  0.216988863739591     
        1058  0.216611066716536     
        1059  0.216208909672072     
        1060  0.215782720617727     
        1061  0.215332827565028     
        1062  0.214859558525505     
        1063  0.214363241510684     
        1064  0.213844204532094     
        1065  0.213302775601263     
        1066  0.212739282729719     
        1067  0.212154053928990     
        1068  0.211547417210603     
        1069  0.210919700586088     
        1070  0.210271232066972     
        1071  0.209602339664782     
        1072  0.208913351391048     
        1073  0.208204595257297     
        1074  0.207476399275056     
        1075  0.206729091455855     
        1076  0.205962999811221     
        1077  0.205178452352682     
        1078  0.204375777091766     
        1079  0.203555302040001     
        1080  0.202717355208915     
        1081  0.201862264610037     
        1082  0.200990358254894     
        1083  0.200101964155014     
        1084  0.199197410321925     
        1085  0.198277024767156     
        1086  0.197341135502233     
        1087  0.196390070538687     
        1088  0.195424157888043     
        1089  0.194443725561831     
        1090  0.193449101571578     
        1091  0.192440613928813     
        1092  0.191418590645063     
        1093  0.190383359731856     
        1094  0.189335249200721     
        1095  0.188274587063186     
        1096  0.187201701330778     
        1097  0.186116920015025     
        1098  0.185020571127456     
        1099  0.183912982679599     
        1100  0.182794482682981     
        1101  0.181665449824181     
        1102  0.180526465489981     
        1103  0.179378161742211     
        1104  0.178221170642703     
        1105  0.177056124253289     
        1106  0.175883654635799     
        1107  0.174704393852066     
        1108  0.173518973963921     
        1109  0.172328027033196     
        1110  0.171132185121721     
        1111  0.169932080291329     
        1112  0.168728344603851     
        1113  0.167521610121118     
        1114  0.166312508904962     
        1115  0.165101673017215     
        1116  0.163889734519707     
        1117  0.162677325474271     
        1118  0.161465077942737     
        1119  0.160253623986938     
        1120  0.159043595668704     
        1121  0.157835625049868     
        1122  0.156630344192261     
        1123  0.155428385157713     
        1124  0.154230380008058     
        1125  0.153036960805125     
        1126  0.151848759610747     
        1127  0.150666408486756     
        1128  0.149490539494982     
        1129  0.148321784697257     
        1130  0.147160776155412     
        1131  0.146008145931280     
        1132  0.144864526086691     
        1133  0.143730548683477     
        1134  0.142606845783470     
        1135  0.141494049448501     
        1136  0.140392791740401     
        1137  0.139303704721003     
        1138  0.138227420452136     
        1139  0.137164570995634     
        1140  0.136115788413327     
        1141  0.135081704767047     
        1142  0.134062952118625     
        1143  0.133060162529893     
        1144  0.132073968062683     
        1145  0.131105000778825     
        1146  0.130153892740151     
        1147  0.129221276008494     
        1148  0.128307782645684     
        1149  0.127414044713552     
        1150  0.126540694273930     
        1151  0.125688187979831     
        1152  0.124856280848987     
        1153  0.124044552490310     
        1154  0.123252582512715     
        1155  0.122479950525114     
        1156  0.121726236136421     
        1157  0.120991018955548     
        1158  0.120273878591409     
        1159  0.119574394652917     
        1160  0.118892146748986     
        1161  0.118226714488528     
        1162  0.117577677480456     
        1163  0.116944615333684     
        1164  0.116327107657125     
        1165  0.115724734059692     
        1166  0.115137074150298     
        1167  0.114563707537857     
        1168  0.114004213831281     
        1169  0.113458172639483     
        1170  0.112925163571378     
        1171  0.112404766235878     
        1172  0.111896560241896     
        1173  0.111400125198345     
        1174  0.110915040714138     
        1175  0.110440886398190     
        1176  0.109977241859412     
        1177  0.109523686706718     
        1178  0.109079800549022     
        1179  0.108645162995236     
        1180  0.108219353654273     
        1181  0.107801952135047     
        1182  0.107392538046471     
        1183  0.106990690997458     
        1184  0.106595990596921     
        1185  0.106208016453773     
        1186  0.105826348176928     
        1187  0.105450565375299     
        1188  0.105080247657798     
        1189  0.104714974633340     
        1190  0.104354325910836     
        1191  0.103997881099201     
        1192  0.103645219807348     
        1193  0.103295921644189     
        1194  0.102949566218638     
        1195  0.102605733139608     
        1196  0.102264002016012     
        1197  0.101923952456763     
        1198  0.101585164070776     
        1199  0.101247216466961     
        1200  0.100909689254234     
