           1  -748120.079673320     
           2   13462.7976677059     
           3   775045.675008732     
           4   3377.52089085328     
           5  -240982.858756986     
           6   856.993458501183     
           7   65459.4325030438     
           8   193.132040274003     
           9  -17407.8106918424     
          10   46.0771440945511     
          11   4968.77614992361     
          12   16.9223858031573     
          13  -2484.16758727869     
          14  -1777.11066333487     
          15   3.49289987136727     
          16   1120.65544958543     
          17   1427.83975308721     
          18   1176.12118266522     
          19   616.575110607957     
          20  0.276909203944673     
          21  -467.650442797223     
          22  -765.893540801601     
          23  -919.091373754159     
          24  -951.882930599866     
          25  -888.907200283691     
          26  -754.803171750603     
          27  -574.209833945571     
          28  -371.766175813564     
          29  -172.111186299551     
          30  0.116145651499103     
          31   125.483628004121     
          32   205.386256360865     
          33   246.425823233787     
          34   255.204121134942     
          35   238.322942576383     
          36   202.384080070166     
          37   153.989326128346     
          38   99.7404732629770     
          39   46.2393139861145     
          40  8.764080981304991E-002
          41  -33.5078757211975     
          42  -54.9210529314870     
          43  -65.9208301129504     
          44  -68.2761465574826     
          45  -63.7559415569784     
          46  -54.1291544033327     
          47  -41.1647243884404     
          48  -26.6315908041963     
          49  -12.2986929424954     
          50  6.502990476760223E-002
          51   9.06445889710114     
          52   14.7997569996276     
          53   17.7449076288728     
          54   18.3738942013624     
          55   17.1607001336223     
          56   14.5793088421782     
          57   11.1037037435559     
          58   7.20786825428125     
          59   3.36578579087995     
          60  5.143976987780084E-002
          61  -2.36134970181818     
          62  -3.89941575577607     
          63  -4.68975483318269     
          64  -4.85936337522487     
          65  -4.53523782308944     
          66  -3.84437461796325     
          67  -2.91377020103311     
          68  -1.87042101348587     
          69 -0.841323496508355     
          70  4.652590871260638E-002
          71  0.692965656936418     
          72   1.10517378670744     
          73   1.31716323251629     
          74   1.36294692885356     
          75   1.27653781020985     
          76   1.09194881107577     
          77  0.843192865941929     
          78  0.564282909298920     
          79  0.289231875637352     
          80  5.205269944782716E-002
          81 -0.120420712202542     
          82 -0.230070561940609     
          83 -0.285958079816721     
          84 -0.297144495881222     
          85 -0.272691040184459     
          86 -0.221658942776776     
          87 -0.153109433708520     
          88 -7.610374303003627E-002
          89  2.968992083300648E-004
          90  6.703126295623314E-002
          91  0.116918829544202     
          92  0.150301925826268     
          93  0.169403590037334     
          94  0.176446860412306     
          95  0.173654775186090     
          96  0.163250372593589     
          97  0.147456690869709     
          98  0.128496768249355     
          99  0.108593642967431     
         100  8.997035325884367E-002
         101  7.444272481241740E-002
         102  6.219773313266093E-002
         103  5.301514117800320E-002
         104  4.667471190687341E-002
         105  4.295620827770055E-002
         106  4.163939324891368E-002
         107  4.250402977894187E-002
         108  4.532988082621421E-002
         109  4.989670934915973E-002
         110  5.598427830620752E-002
         111  6.337235065578659E-002
         112  7.184068935632604E-002
         113  8.116905736625493E-002
         114  9.113721764400232E-002
         115  0.101524933147997     
         116  0.112111966836669     
         117  0.122678081668446     
         118  0.133003040601758     
         119  0.142866606595034     
         120  0.152048542606703     
         121  0.160374734174549     
         122  0.167855557153780     
         123  0.174547509978959     
         124  0.180507091084648     
         125  0.185790798905411     
         126  0.190455131875811     
         127  0.194556588430409     
         128  0.198151667003771     
         129  0.201296866030457     
         130  0.204048683945031     
         131  0.206463619182057     
         132  0.208598170176096     
         133  0.210508835361712     
         134  0.212252113173468     
         135  0.213884502045927     
         136  0.215462500413651     
         137  0.217042606711203     
         138  0.218681319373147     
         139  0.220435136834045     
         140  0.222360557528461     
         141  0.224501815905544     
         142  0.226854090472800     
         143  0.229400295752319     
         144  0.232123346266193     
         145  0.235006156536515     
         146  0.238031641085376     
         147  0.241182714434867     
         148  0.244442291107082     
         149  0.247793285624110     
         150  0.251218612508045     
         151  0.254701186280978     
         152  0.258223921465001     
         153  0.261769732582206     
         154  0.265321534154683     
         155  0.268862240704526     
         156  0.272374766753826     
         157  0.275842026824675     
         158  0.279246935439165     
         159  0.282572407119386     
         160  0.285801356387432     
         161  0.288920090744058     
         162  0.291928489604678     
         163  0.294829825363368     
         164  0.297627370414208     
         165  0.300324397151273     
         166  0.302924177968641     
         167  0.305429985260391     
         168  0.307845091420600     
         169  0.310172768843344     
         170  0.312416289922703     
         171  0.314578927052752     
         172  0.316663952627570     
         173  0.318674639041234     
         174  0.320614258687822     
         175  0.322486083961412     
         176  0.324293387256080     
         177  0.326039440965904     
         178  0.327727517484963     
         179  0.329360889207332     
         180  0.330942828527091     
         181  0.332475844864247     
         182  0.333959395742533     
         183  0.335392175711613     
         184  0.336772879321151     
         185  0.338100201120811     
         186  0.339372835660256     
         187  0.340589477489150     
         188  0.341748821157158     
         189  0.342849561213942     
         190  0.343890392209168     
         191  0.344870008692498     
         192  0.345787105213596     
         193  0.346640376322126     
         194  0.347428516567752     
         195  0.348150220500138     
         196  0.348804182668948     
         197  0.349389097623845     
         198  0.349903659914494     
         199  0.350346564090557     
         200  0.350716504701699     
         201  0.351012526293138     
         202  0.351235073392302     
         203  0.351384940522176     
         204  0.351462922205743     
         205  0.351469812965987     
         206  0.351406407325890     
         207  0.351273499808437     
         208  0.351071884936610     
         209  0.350802357233394     
         210  0.350465711221771     
         211  0.350062741424725     
         212  0.349594242365240     
         213  0.349061008566299     
         214  0.348463834550885     
         215  0.347803514841982     
         216  0.347080843962573     
         217  0.346296616435641     
         218  0.345451626784171     
         219  0.344546669531146     
         220  0.343582539199548     
         221  0.342560030312362     
         222  0.341479937392571     
         223  0.340343054963157     
         224  0.339150177547106     
         225  0.337902099667400     
         226  0.336599641591541     
         227  0.335243726565103     
         228  0.333835303578180     
         229  0.332375321620865     
         230  0.330864729683250     
         231  0.329304476755430     
         232  0.327695511827496     
         233  0.326038783889543     
         234  0.324335241931663     
         235  0.322585834943948     
         236  0.320791511916493     
         237  0.318953221839390     
         238  0.317071913702733     
         239  0.315148536496613     
         240  0.313184039211126     
         241  0.311179370836362     
         242  0.309135480362417     
         243  0.307053316779381     
         244  0.304933829077350     
         245  0.302777966246415     
         246  0.300586677276670     
         247  0.298360911158208     
         248  0.296101616881122     
         249  0.293809743435504     
         250  0.291486239811449     
         251  0.289132112502897     
         252  0.286748598019182     
         253  0.284336990373487     
         254  0.281898583578994     
         255  0.279434671648884     
         256  0.276946548596340     
         257  0.274435508434545     
         258  0.271902845176681     
         259  0.269349852835929     
         260  0.266777825425472     
         261  0.264188056958493     
         262  0.261581841448173     
         263  0.258960472907694     
         264  0.256325245350240     
         265  0.253677452788991     
         266  0.251018389237131     
         267  0.248349348707841     
         268  0.245671625214304     
         269  0.242986512769701     
         270  0.240295305387216     
         271  0.237599297080030     
         272  0.234899781861326     
         273  0.232198053744286     
         274  0.229495406742091     
         275  0.226793134867925     
         276  0.224092514717207     
         277  0.221394753214309     
         278  0.218701039865840     
         279  0.216012564178410     
         280  0.213330515658628     
         281  0.210656083813103     
         282  0.207990458148446     
         283  0.205334828171266     
         284  0.202690383388171     
         285  0.200058313305772     
         286  0.197439807430678     
         287  0.194836055269498     
         288  0.192248246328842     
         289  0.189677570115319     
         290  0.187125216135539     
         291  0.184592373896111     
         292  0.182080232903644     
         293  0.179589982664749     
         294  0.177122812686034     
         295  0.174679912474110     
         296  0.172262471535584     
         297  0.169871679377068     
         298  0.167508725505170     
         299  0.165174799426499     
         300  0.162871090647666     
         301  0.160598647911796     
         302  0.158357956908083     
         303  0.156149362562236     
         304  0.153973209799964     
         305  0.151829843546979     
         306  0.149719608728988     
         307  0.147642850271702     
         308  0.145599913100831     
         309  0.143591142142085     
         310  0.141616882321173     
         311  0.139677478563804     
         312  0.137773275795689     
         313  0.135904618942538     
         314  0.134071852930059     
         315  0.132275322683963     
         316  0.130515373129960     
         317  0.128792349193759     
         318  0.127106595801069     
         319  0.125458457877602     
         320  0.123848280349065     
         321  0.122276408141170     
         322  0.120743186179625     
         323  0.119248959390141     
         324  0.117794072698428     
         325  0.116378871030194     
         326  0.115003699311149     
         327  0.113668902467004     
         328  0.112374825423469     
         329  0.111121813106252     
         330  0.109910210441063     
         331  0.108740362353613     
         332  0.107612613769611     
         333  0.106527309614766     
         334  0.105484794814789     
         335  0.104485414295389     
         336  0.103529512982275     
         337  0.102617435801159     
         338  0.101749527677748     
         339  0.100926133537754     
         340  0.100147598306885     
         341  9.941426691085187E-002
         342  9.872648427536374E-002
         343  9.808459532613047E-002
         344  9.748894498886175E-002
         345  9.693987818926737E-002
         346  9.643773985305701E-002
         347  9.598287490594039E-002
         348  9.557562827362723E-002
         349  9.521634488182726E-002
         350  9.490536965625018E-002
         351  9.464287077898438E-002
         352  9.442830945763284E-002
         353  9.426097015617720E-002
         354  9.414013733859913E-002
         355  9.406509546888024E-002
         356  9.403512901100221E-002
         357  9.404952242894667E-002
         358  9.410756018669522E-002
         359  9.420852674822956E-002
         360  9.435170657753135E-002
         361  9.453638413858217E-002
         362  9.476184389536373E-002
         363  9.502737031185761E-002
         364  9.533224785204551E-002
         365  9.567576097990904E-002
         366  9.605719415942986E-002
         367  9.647583185458962E-002
         368  9.693095852936993E-002
         369  9.742185864775248E-002
         370  9.794781667371889E-002
         371  9.850811707125080E-002
         372  9.910204430432988E-002
         373  9.972888283693776E-002
         374  0.100387917133056     
         375  0.101078431656666     
         376  0.101799710871751     
         377  0.102551039242290     
         378  0.103331701232267     
         379  0.104140981305662     
         380  0.104978163926457     
         381  0.105842533558635     
         382  0.106733374666176     
         383  0.107649971713062     
         384  0.108591609163275     
         385  0.109557571480797     
         386  0.110547143129609     
         387  0.111559608573693     
         388  0.112594252277030     
         389  0.113650358703602     
         390  0.114727212317391     
         391  0.115824097582379     
         392  0.116940298962546     
         393  0.118075100921875     
         394  0.119227787924348     
         395  0.120397644433945     
         396  0.121583954914649     
         397  0.122786003830442     
         398  0.124003075645304     
         399  0.125234454823218     
         400  0.126479425828165     
         401  0.127737257657992     
         402  0.129007157446009     
         403  0.130288316859389     
         404  0.131579927565308     
         405  0.132881181230940     
         406  0.134191269523458     
         407  0.135509384110039     
         408  0.136834716657855     
         409  0.138166458834082     
         410  0.139503802305894     
         411  0.140845938740466     
         412  0.142192059804972     
         413  0.143541357166586     
         414  0.144893022492484     
         415  0.146246247449838     
         416  0.147600223705825     
         417  0.148954142927618     
         418  0.150307196782392     
         419  0.151658576937322     
         420  0.153007475059581     
         421  0.154353082816344     
         422  0.155694591874787     
         423  0.157031193902082     
         424  0.158362080565405     
         425  0.159686443531931     
         426  0.161003474468833     
         427  0.162312365043286     
         428  0.163612306922465     
         429  0.164902491773544     
         430  0.166182111263697     
         431  0.167450357060100     
         432  0.168706420829925     
         433  0.169949494240349     
         434  0.171178768958546     
         435  0.172393436651689     
         436  0.173592688986954     
         437  0.174775717631514     
         438  0.175941714252545     
         439  0.177089870517221     
         440  0.178219378092716     
         441  0.179329428646204     
         442  0.180419213844861     
         443  0.181487925355861     
         444  0.182534754846377     
         445  0.183558893983586     
         446  0.184559534434660     
         447  0.185535867866775     
         448  0.186487085947105     
         449  0.187412380342825     
         450  0.188310942721109     
         451  0.189182094063708     
         452  0.190025672610682     
         453  0.190841645916668     
         454  0.191629981536303     
         455  0.192390647024223     
         456  0.193123609935065     
         457  0.193828837823465     
         458  0.194506298244061     
         459  0.195155958751488     
         460  0.195777786900384     
         461  0.196371750245385     
         462  0.196937816341128     
         463  0.197475952742250     
         464  0.197986127003387     
         465  0.198468306679177     
         466  0.198922459324254     
         467  0.199348552493258     
         468  0.199746553740823     
         469  0.200116430621586     
         470  0.200458150690186     
         471  0.200771681501257     
         472  0.201056990609437     
         473  0.201314045569362     
         474  0.201542813935670     
         475  0.201743263262996     
         476  0.201915361105978     
         477  0.202059075019252     
         478  0.202174372557455     
         479  0.202261221275223     
         480  0.202319588727193     
         481  0.202349442468002     
         482  0.202350750052287     
         483  0.202323479034684     
         484  0.202267596969830     
         485  0.202183071412361     
         486  0.202069869916915     
         487  0.201927960038127     
         488  0.201757309330635     
         489  0.201557885349076     
         490  0.201329655648085     
         491  0.201072587782300     
         492  0.200786649306358     
         493  0.200471807774894     
         494  0.200128030742546     
         495  0.199755285763950     
         496  0.199353540393744     
         497  0.198922762186563     
         498  0.198462918697044     
         499  0.197973977479825     
         500  0.197455906089541     
         501  0.196908783614281     
         502  0.196333135275934     
         503  0.195729597829843     
         504  0.195098808031349     
         505  0.194441402635794     
         506  0.193758018398518     
         507  0.193049292074864     
         508  0.192315860420173     
         509  0.191558360189787     
         510  0.190777428139047     
         511  0.189973701023294     
         512  0.189147815597871     
         513  0.188300408618118     
         514  0.187432116839378     
         515  0.186543577016991     
         516  0.185635425906300     
         517  0.184708300262645     
         518  0.183762836841368     
         519  0.182799672397812     
         520  0.181819443687316     
         521  0.180822787465224     
         522  0.179810340486876     
         523  0.178782739507614     
         524  0.177740621282779     
         525  0.176684622567713     
         526  0.175615380117757     
         527  0.174533530688254     
         528  0.173439711034544     
         529  0.172334557911969     
         530  0.171218708075871     
         531  0.170092798281590     
         532  0.168957465284470     
         533  0.167813345839850     
         534  0.166661076703073     
         535  0.165501294629480     
         536  0.164334636374413     
         537  0.163161738693213     
         538  0.161983238341221     
         539  0.160799772073780     
         540  0.159611976646231     
         541  0.158420488813914     
         542  0.157225945332173     
         543  0.156028982956348     
         544  0.154830238441781     
         545  0.153630348543813     
         546  0.152429950017786     
         547  0.151229679619041     
         548  0.150030174102921     
         549  0.148832070224765     
         550  0.147636004739917     
         551  0.146442593560213     
         552  0.145252369223473     
         553  0.144065843424014     
         554  0.142883527856150     
         555  0.141705934214198     
         556  0.140533574192474     
         557  0.139366959485293     
         558  0.138206601786972     
         559  0.137053012791826     
         560  0.135906704194171     
         561  0.134768187688323     
         562  0.133637974968597     
         563  0.132516577729310     
         564  0.131404507664778     
         565  0.130302276469316     
         566  0.129210395837240     
         567  0.128129377462865     
         568  0.127059733040509     
         569  0.126001974264486     
         570  0.124956612829112     
         571  0.123924160428704     
         572  0.122905128757577     
         573  0.121900029510047     
         574  0.120909374380429     
         575  0.119933675063041     
         576  0.118973443252197     
         577  0.118029190642213     
         578  0.117101428927405     
         579  0.116190669802089     
         580  0.115297424960581     
         581  0.114422206097197     
         582  0.113565524906252     
         583  0.112727893082063     
         584  0.111909822318944     
         585  0.111111824311213     
         586  0.110334410753185     
         587  0.109578093339175     
         588  0.108843383763500     
         589  0.108130793720476     
         590  0.107440834904417     
         591  0.106774019009641     
         592  0.106130857730462     
         593  0.105511862761198     
         594  0.104917545796163     
         595  0.104348418529673     
         596  0.103804992656044     
         597  0.103287779869593     
         598  0.102797291864635     
         599  0.102334040335485     
         600  0.101898536976460     
         601  0.101491178471862     
         602  0.101111901465936     
         603  0.100760527592915     
         604  0.100436878487029     
         605  0.100140775782513     
         606  9.987204111359629E-002
         607  9.963049611451225E-002
         608  9.941596241949255E-002
         609  9.922826166276912E-002
         610  9.906721547857399E-002
         611  9.893264550113910E-002
         612  9.882437336469645E-002
         613  9.874222070347799E-002
         614  9.868600915171574E-002
         615  9.865556034364165E-002
         616  9.865069591348771E-002
         617  9.867123749548588E-002
         618  9.871700672386817E-002
         619  9.878782523286653E-002
         620  9.888351465671295E-002
         621  9.900389662963942E-002
         622  9.914879278587790E-002
         623  9.931802475966037E-002
         624  9.951141418521879E-002
         625  9.972878269678517E-002
         626  9.996995192859150E-002
         627  0.100234743514870     
         628  0.100522979089852     
         629  0.100834480287770     
         630  0.101169068742856     
         631  0.101526566089341     
         632  0.101906793961459     
         633  0.102309573993440     
         634  0.102734727819517     
         635  0.103182077073922     
         636  0.103651443390886     
         637  0.104142648404642     
         638  0.104655513749422     
         639  0.105189861059457     
         640  0.105745511968980     
         641  0.106322288112223     
         642  0.106920011123417     
         643  0.107538502636795     
         644  0.108177584286588     
         645  0.108837077707029     
         646  0.109516804532349     
         647  0.110216586396781     
         648  0.110936244934556     
         649  0.111675601779907     
         650  0.112434478567065     
         651  0.113212630601589     
         652  0.114009547874343     
         653  0.114824654047518     
         654  0.115657372783305     
         655  0.116507127743894     
         656  0.117373342591476     
         657  0.118255440988242     
         658  0.119152846596383     
         659  0.120064983078090     
         660  0.120991274095552     
         661  0.121931143310962     
         662  0.122884014386510     
         663  0.123849310984386     
         664  0.124826456766781     
         665  0.125814875395886     
         666  0.126813990533893     
         667  0.127823225842990     
         668  0.128842004985371     
         669  0.129869751623224     
         670  0.130905889418741     
         671  0.131949842034113     
         672  0.133001033131530     
         673  0.134058886373184     
         674  0.135122825421264     
         675  0.136192273937962     
         676  0.137266655585469     
         677  0.138345394025974     
         678  0.139427912921670     
         679  0.140513635934747     
         680  0.141601986727395     
         681  0.142692388961805     
         682  0.143784266300168     
         683  0.144877042404675     
         684  0.145970140937517     
         685  0.147062985560884     
         686  0.148154999936967     
         687  0.149245607727957     
         688  0.150334232596045     
         689  0.151420298203421     
         690  0.152503228212276     
         691  0.153582446284801     
         692  0.154657376083186     
         693  0.155727441269624     
         694  0.156792065506303     
         695  0.157850672455415     
         696  0.158902685779151     
         697  0.159947529139702     
         698  0.160984626199257     
         699  0.162013400620009     
         700  0.163033276064148     
         701  0.164043713454602     
         702  0.165044322757254     
         703  0.166034751198723     
         704  0.167014646005630     
         705  0.167983654404595     
         706  0.168941423622238     
         707  0.169887600885179     
         708  0.170821833420037     
         709  0.171743768453434     
         710  0.172653053211989     
         711  0.173549334922321     
         712  0.174432260811052     
         713  0.175301478104801     
         714  0.176156634030189     
         715  0.176997375813834     
         716  0.177823350682358     
         717  0.178634205862381     
         718  0.179429588580522     
         719  0.180209146063401     
         720  0.180972525537639     
         721  0.181719374229856     
         722  0.182449339366671     
         723  0.183162068174706     
         724  0.183857207880579     
         725  0.184534405710911     
         726  0.185193308892321     
         727  0.185833564651431     
         728  0.186454820214860     
         729  0.187056722809228     
         730  0.187638919661155     
         731  0.188201057997261     
         732  0.188742785044167     
         733  0.189263748028492     
         734  0.189763594176856     
         735  0.190241970715880     
         736  0.190698524872183     
         737  0.191132903872386     
         738  0.191544754943108     
         739  0.191933725310970     
         740  0.192299462202592     
         741  0.192641612844593     
         742  0.192959824463595     
         743  0.193253744286216     
         744  0.193523019539077     
         745  0.193767297448798     
         746  0.193986225241999     
         747  0.194179450145301     
         748  0.194346619385322     
         749  0.194487380188684     
         750  0.194601379782005     
         751  0.194688364011626     
         752  0.194748473202756     
         753  0.194781946300325     
         754  0.194789022249263     
         755  0.194769939994499     
         756  0.194724938480962     
         757  0.194654256653582     
         758  0.194558133457288     
         759  0.194436807837009     
         760  0.194290518737676     
         761  0.194119505104217     
         762  0.193924005881561     
         763  0.193704260014639     
         764  0.193460506448380     
         765  0.193192984127712     
         766  0.192901931997566     
         767  0.192587589002870     
         768  0.192250194088555     
         769  0.191889986199549     
         770  0.191507204280782     
         771  0.191102087277184     
         772  0.190674874133683     
         773  0.190225803795210     
         774  0.189755115206693     
         775  0.189263047313062     
         776  0.188749839059247     
         777  0.188215729390176     
         778  0.187660957250780     
         779  0.187085761585987     
         780  0.186490381340727     
         781  0.185875055459930     
         782  0.185240022888525     
         783  0.184585522571440     
         784  0.183911793453607     
         785  0.183219074479953     
         786  0.182507604595409     
         787  0.181777622744904     
         788  0.181029367873367     
         789  0.180263078925727     
         790  0.179478994846915     
         791  0.178677354581859     
         792  0.177858397075489     
         793  0.177022361272734     
         794  0.176169486118524     
         795  0.175300010557788     
         796  0.174414173535456     
         797  0.173512213996456     
         798  0.172594370885719     
         799  0.171660883148173     
         800  0.170711989728748     
         801  0.169747969686015     
         802  0.168769262533105     
         803  0.167776347896793     
         804  0.166769705403851     
         805  0.165749814681052     
         806  0.164717155355171     
         807  0.163672207052980     
         808  0.162615449401253     
         809  0.161547362026763     
         810  0.160468424556283     
         811  0.159379116616587     
         812  0.158279917834447     
         813  0.157171307836638     
         814  0.156053766249933     
         815  0.154927772701104     
         816  0.153793806816926     
         817  0.152652348224171     
         818  0.151503876549613     
         819  0.150348871420025     
         820  0.149187812462181     
         821  0.148021179302854     
         822  0.146849451568816     
         823  0.145673108886842     
         824  0.144492630883705     
         825  0.143308497186178     
         826  0.142121187421034     
         827  0.140931181215046     
         828  0.139738958194989     
         829  0.138544997987635     
         830  0.137349780219758     
         831  0.136153784518131     
         832  0.134957490509527     
         833  0.133761377820719     
         834  0.132565926078482     
         835  0.131371614909587     
         836  0.130178923940809     
         837  0.128988332798921     
         838  0.127800321110696     
         839  0.126615368502908     
         840  0.125433954602329     
         841  0.124256559035733     
         842  0.123083661429894     
         843  0.121915741411584     
         844  0.120753278607578     
         845  0.119596752644648     
         846  0.118446643149567     
         847  0.117303429749110     
         848  0.116167592070048     
         849  0.115039609739157     
         850  0.113919962383208     
         851  0.112809088396173     
         852  0.111707261240815     
         853  0.110614713147092     
         854  0.109531676344965     
         855  0.108458383064395     
         856  0.107395065535340     
         857  0.106341955987760     
         858  0.105299286651617     
         859  0.104267289756868     
         860  0.103246197533475     
         861  0.102236242211398     
         862  0.101237656020595     
         863  0.100250671191028     
         864  9.927551995265568E-002
         865  9.831243453543824E-002
         866  9.736164716933564E-002
         867  9.642339008430773E-002
         868  9.549789551031442E-002
         869  9.458539567731565E-002
         870  9.368612281527132E-002
         871  9.280030915414129E-002
         872  9.192818692388556E-002
         873  9.106998835446393E-002
         874  9.022594567583636E-002
         875  8.939629111796277E-002
         876  8.858125691080303E-002
         877  8.778107528431703E-002
         878  8.699597846846473E-002
         879  8.622619869320597E-002
         880  8.547196818850072E-002
         881  8.473351918430887E-002
         882  8.401108391059028E-002
         883  8.330489459730490E-002
         884  8.261518347441264E-002
         885  8.194218277187335E-002
         886  8.128612471964700E-002
         887  8.064724154769344E-002
         888  8.002576548597264E-002
         889  7.942192876444445E-002
         890  7.883596361306879E-002
         891  7.826810226180556E-002
         892  7.771857694061467E-002
         893  7.718761987945603E-002
         894  7.667546330828956E-002
         895  7.618233945707514E-002
         896  7.570848055577269E-002
         897  7.525411883434208E-002
         898  7.481948652274327E-002
         899  7.440481585093613E-002
         900  7.401033904888057E-002
         901  7.363621448845790E-002
         902  7.328230510923497E-002
         903  7.294839999270007E-002
         904  7.263428822034147E-002
         905  7.233975887364741E-002
         906  7.206460103410614E-002
         907  7.180860378320598E-002
         908  7.157155620243516E-002
         909  7.135324737328194E-002
         910  7.115346637723462E-002
         911  7.097200229578143E-002
         912  7.080864421041064E-002
         913  7.066318120261053E-002
         914  7.053540235386936E-002
         915  7.042509674567540E-002
         916  7.033205345951690E-002
         917  7.025606157688215E-002
         918  7.019691017925939E-002
         919  7.015438834813689E-002
         920  7.012828516500293E-002
         921  7.011838971134575E-002
         922  7.012449106865366E-002
         923  7.014637831841489E-002
         924  7.018384054211768E-002
         925  7.023666682125036E-002
         926  7.030464623730116E-002
         927  7.038756787175834E-002
         928  7.048522080611019E-002
         929  7.059739412184493E-002
         930  7.072387690045089E-002
         931  7.086445822341628E-002
         932  7.101892717222939E-002
         933  7.118707282837849E-002
         934  7.136868427335183E-002
         935  7.156355058863768E-002
         936  7.177146085572432E-002
         937  7.199220415610000E-002
         938  7.222556957125298E-002
         939  7.247134618267152E-002
         940  7.272932307184393E-002
         941  7.299928932025841E-002
         942  7.328103400940329E-002
         943  7.357434622076679E-002
         944  7.387901503583720E-002
         945  7.419482953610278E-002
         946  7.452157880305177E-002
         947  7.485905191817246E-002
         948  7.520703796295312E-002
         949  7.556532601888202E-002
         950  7.593370516744741E-002
         951  7.631194168364891E-002
         952  7.669971061653169E-002
         953  7.709666420865224E-002
         954  7.750245470256706E-002
         955  7.791673434083266E-002
         956  7.833915536600551E-002
         957  7.876937002064216E-002
         958  7.920703054729909E-002
         959  7.965178918853281E-002
         960  8.010329818689983E-002
         961  8.056120978495665E-002
         962  8.102517622525977E-002
         963  8.149484975036568E-002
         964  8.196988260283090E-002
         965  8.244992702521194E-002
         966  8.293463526006530E-002
         967  8.342365954994749E-002
         968  8.391665213741498E-002
         969  8.441326526502431E-002
         970  8.491315117533196E-002
         971  8.541596211089444E-002
         972  8.592135031426830E-002
         973  8.642896802800996E-002
         974  8.693846749467600E-002
         975  8.744950095682288E-002
         976  8.796172065700709E-002
         977  8.847477883778519E-002
         978  8.898832774171365E-002
         979  8.950201961134896E-002
         980  9.001550668924764E-002
         981  9.052844121796622E-002
         982  9.104047544006115E-002
         983  9.155126159808896E-002
         984  9.206045193460620E-002
         985  9.256769869216928E-002
         986  9.307265411333476E-002
         987  9.357497044065917E-002
         988  9.407429991669895E-002
         989  9.457029478401063E-002
         990  9.506260728515074E-002
         991  9.555088966267576E-002
         992  9.603479415914218E-002
         993  9.651397301710654E-002
         994  9.698807847912530E-002
         995  9.745676278775500E-002
         996  9.791967818555215E-002
         997  9.837647691507322E-002
         998  9.882681121887471E-002
         999  9.927033333951318E-002
        1000  9.970669551954507E-002
        1001  0.100135588013238     
        1002  0.100556853121706     
        1003  0.100970371157773     
        1004  0.101376022434264     
        1005  0.101773687264004     
        1006  0.102163245959817     
        1007  0.102544578834528     
        1008  0.102917566200961     
        1009  0.103282088371942     
        1010  0.103638025660295     
        1011  0.103985258378844     
        1012  0.104323666840415     
        1013  0.104653131357832     
        1014  0.104973532243919     
        1015  0.105284749811501     
        1016  0.105586664373404     
        1017  0.105879156242451     
        1018  0.106162105731467     
        1019  0.106435393153278     
        1020  0.106698898820707     
        1021  0.106952503046579     
        1022  0.107196086143719     
        1023  0.107429528424952     
        1024  0.107652710203102     
        1025  0.107865511790994     
        1026  0.108067813501453     
        1027  0.108259495647303     
        1028  0.108440438541369     
        1029  0.108610522496475     
        1030  0.108769627825447     
        1031  0.108917634841109     
        1032  0.109054423856285     
        1033  0.109179875183801     
        1034  0.109293869136480     
        1035  0.109396286027149     
        1036  0.109487006168630     
        1037  0.109565909873750     
        1038  0.109632877455332     
        1039  0.109687789226201     
        1040  0.109730525499182     
        1041  0.109760966587100     
        1042  0.109778992802780     
        1043  0.109784484459045     
        1044  0.109777321868721     
        1045  0.109757385344632     
        1046  0.109724555199603     
        1047  0.109678711746459     
        1048  0.109619735298023     
        1049  0.109547506167122     
        1050  0.109461904666580     
        1051  0.109362858391377     
        1052  0.109250484065122     
        1053  0.109124945693578     
        1054  0.108986407282509     
        1055  0.108835032837680     
        1056  0.108670986364854     
        1057  0.108494431869795     
        1058  0.108305533358268     
        1059  0.108104454836036     
        1060  0.107891360308863     
        1061  0.107666413782514     
        1062  0.107429779262752     
        1063  0.107181620755342     
        1064  0.106922102266047     
        1065  0.106651387800632     
        1066  0.106369641364860     
        1067  0.106077026964495     
        1068  0.105773708605302     
        1069  0.105459850293044     
        1070  0.105135616033486     
        1071  0.104801169832391     
        1072  0.104456675695524     
        1073  0.104102297628648     
        1074  0.103738199637528     
        1075  0.103364545727927     
        1076  0.102981499905610     
        1077  0.102589226176341     
        1078  0.102187888545883     
        1079  0.101777651020000     
        1080  0.101358677604458     
        1081  0.100931132305018     
        1082  0.100495179127447     
        1083  0.100050982077507     
        1084  9.959870516096250E-002
        1085  9.913851238357778E-002
        1086  9.867056775111670E-002
        1087  9.819503526934328E-002
        1088  9.771207894402155E-002
        1089  9.722186278091548E-002
        1090  9.672455078578912E-002
        1091  9.622030696440642E-002
        1092  9.570929532253146E-002
        1093  9.519167986592821E-002
        1094  9.466762460036068E-002
        1095  9.413729353159292E-002
        1096  9.360085066538890E-002
        1097  9.305846000751263E-002
        1098  9.251028556372815E-002
        1099  9.195649133979944E-002
        1100  9.139724134149052E-002
        1101  9.083272491209068E-002
        1102  9.026323274499042E-002
        1103  8.968908087110541E-002
        1104  8.911058532135144E-002
        1105  8.852806212664426E-002
        1106  8.794182731789955E-002
        1107  8.735219692603312E-002
        1108  8.675948698196066E-002
        1109  8.616401351659793E-002
        1110  8.556609256086070E-002
        1111  8.496604014566465E-002
        1112  8.436417230192557E-002
        1113  8.376080506055918E-002
        1114  8.315625445248122E-002
        1115  8.255083650860744E-002
        1116  8.194486725985362E-002
        1117  8.133866273713541E-002
        1118  8.073253897136862E-002
        1119  8.012681199346895E-002
        1120  7.952179783435219E-002
        1121  7.891781252493404E-002
        1122  7.831517209613027E-002
        1123  7.771419257885659E-002
        1124  7.711519000402876E-002
        1125  7.651848040256252E-002
        1126  7.592437980537362E-002
        1127  7.533320424337778E-002
        1128  7.474526974749075E-002
        1129  7.416089234862826E-002
        1130  7.358038807770609E-002
        1131  7.300407296563995E-002
        1132  7.243226304334556E-002
        1133  7.186527434173870E-002
        1134  7.130342289173512E-002
        1135  7.074702472425051E-002
        1136  7.019639587020064E-002
        1137  6.965185236050127E-002
        1138  6.911371022606810E-002
        1139  6.858228549781691E-002
        1140  6.805789420666343E-002
        1141  6.754085238352336E-002
        1142  6.703147605931252E-002
        1143  6.653008126494658E-002
        1144  6.603698403134133E-002
        1145  6.555250038941246E-002
        1146  6.507694637007574E-002
        1147  6.461063800424692E-002
        1148  6.415389132284176E-002
        1149  6.370702235677593E-002
        1150  6.327034713696525E-002
        1151  6.284409398991556E-002
        1152  6.242814042449329E-002
        1153  6.202227624515504E-002
        1154  6.162629125635741E-002
        1155  6.123997526255696E-002
        1156  6.086311806821029E-002
        1157  6.049550947777396E-002
        1158  6.013693929570457E-002
        1159  5.978719732645869E-002
        1160  5.944607337449292E-002
        1161  5.911335724426384E-002
        1162  5.878883874022801E-002
        1163  5.847230766684205E-002
        1164  5.816355382856251E-002
        1165  5.786236702984598E-002
        1166  5.756853707514907E-002
        1167  5.728185376892832E-002
        1168  5.700210691564035E-002
        1169  5.672908631974172E-002
        1170  5.646258178568903E-002
        1171  5.620238311793884E-002
        1172  5.594828012094775E-002
        1173  5.570006259917235E-002
        1174  5.545752035706920E-002
        1175  5.522044319909489E-002
        1176  5.498862092970602E-002
        1177  5.476184335335916E-002
        1178  5.453990027451089E-002
        1179  5.432258149761778E-002
        1180  5.410967682713645E-002
        1181  5.390097606752346E-002
        1182  5.369626902323540E-002
        1183  5.349534549872884E-002
        1184  5.329799529846036E-002
        1185  5.310400822688657E-002
        1186  5.291317408846403E-002
        1187  5.272528268764933E-002
        1188  5.254012382889905E-002
        1189  5.235748731666978E-002
        1190  5.217716295541810E-002
        1191  5.199894054960059E-002
        1192  5.182260990367383E-002
        1193  5.164796082209441E-002
        1194  5.147478310931890E-002
        1195  5.130286656980391E-002
        1196  5.113200100800600E-002
        1197  5.096197622838174E-002
        1198  5.079258203538775E-002
        1199  5.062360823348059E-002
        1200  5.045484462711685E-002
