           0.0000000           0.0000000           0.0000000           0.0000000           0.0000000           0.0000000
          -0.9453558          -0.9422492           0.0000000           0.0000000           0.0000000           0.0000000
          -0.9452390          -0.9421145           0.0000000           0.0000000           0.0000000           0.0000000
          -0.9451195          -0.9419770           0.0000000           0.0000000           0.0000000           0.0000000
          -0.9449989          -0.9418384           0.0000000           0.0000000           0.0000000           0.0000000
          -0.9448776          -0.9416990           0.0000000           0.0000000           0.0000000           0.0000000
          -0.9447560          -0.9415593           0.0000000           0.0000000           0.0000000           0.0000000
          -0.9446340          -0.9414190           0.0000000           0.0000000           0.0000000           0.0000000
          -0.9445116          -0.9412784           0.0000000           0.0000000           0.0000000           0.0000000
          -0.9443889          -0.9411373           0.0000000           0.0000000           0.0000000           0.0000000
          -0.9442658          -0.9409957           0.0000000           0.0000000           0.0000000           0.0000000
          -0.9441421          -0.9408536           0.0000000           0.0000000           0.0000000           0.0000000
          -0.9440178          -0.9407108           0.0000000           0.0000000           0.0000000           0.0000000
          -0.9438929          -0.9405672           0.0000000           0.0000000           0.0000000           0.0000000
          -0.9437672          -0.9404228           0.0000000           0.0000000           0.0000000           0.0000000
          -0.9436407          -0.9402775           0.0000000           0.0000000           0.0000000           0.0000000
          -0.9435132          -0.9401312           0.0000000           0.0000000           0.0000000           0.0000000
          -0.9433846          -0.9399838           0.0000000           0.0000000           0.0000000           0.0000000
          -0.9432548          -0.9398351           0.0000000           0.0000000           0.0000000           0.0000000
          -0.9431238          -0.9396850           0.0000000           0.0000000           0.0000000           0.0000000
          -0.9429914          -0.9395336           0.0000000           0.0000000           0.0000000           0.0000000
          -0.9428578          -0.9393809           0.0000000           0.0000000           0.0000000           0.0000000
          -0.9427228          -0.9392267           0.0000000           0.0000000           0.0000000           0.0000000
          -0.9425863          -0.9390711           0.0000000           0.0000000           0.0000000           0.0000000
          -0.9424484          -0.9389139           0.0000000           0.0000000           0.0000000           0.0000000
          -0.9423089          -0.9387551           0.0000000           0.0000000           0.0000000           0.0000000
          -0.9421677          -0.9385946           0.0000000           0.0000000           0.0000000           0.0000000
          -0.9420249          -0.9384323           0.0000000           0.0000000           0.0000000           0.0000000
          -0.9418802          -0.9382682           0.0000000           0.0000000           0.0000000           0.0000000
          -0.9417336          -0.9381021           0.0000000           0.0000000           0.0000000           0.0000000
          -0.9415851          -0.9379341           0.0000000           0.0000000           0.0000000           0.0000000
          -0.9414347          -0.9377641           0.0000000           0.0000000           0.0000000           0.0000000
          -0.9412822          -0.9375920           0.0000000           0.0000000           0.0000000           0.0000000
          -0.9411274          -0.9374176           0.0000000           0.0000000           0.0000000           0.0000000
          -0.9409704          -0.9372409           0.0000000           0.0000000           0.0000000           0.0000000
          -0.9408112          -0.9370619           0.0000000           0.0000000           0.0000000           0.0000000
          -0.9406495          -0.9368805           0.0000000           0.0000000           0.0000000           0.0000000
          -0.9404854          -0.9366966           0.0000000           0.0000000           0.0000000           0.0000000
          -0.9403185          -0.9365100           0.0000000           0.0000000           0.0000000           0.0000000
          -0.9401490          -0.9363206           0.0000000           0.0000000           0.0000000           0.0000000
          -0.9399767          -0.9361284           0.0000000           0.0000000           0.0000000           0.0000000
          -0.9398015          -0.9359334           0.0000000           0.0000000           0.0000000           0.0000000
          -0.9396233          -0.9357353           0.0000000           0.0000000           0.0000000           0.0000000
          -0.9394419          -0.9355340           0.0000000           0.0000000           0.0000000           0.0000000
          -0.9392572          -0.9353294           0.0000000           0.0000000           0.0000000           0.0000000
          -0.9390691          -0.9351214           0.0000000           0.0000000           0.0000000           0.0000000
          -0.9388776          -0.9349099           0.0000000           0.0000000           0.0000000           0.0000000
          -0.9386823          -0.9346947           0.0000000           0.0000000           0.0000000           0.0000000
          -0.9384832          -0.9344757           0.0000000           0.0000000           0.0000000           0.0000000
          -0.9382802          -0.9342527           0.0000000           0.0000000           0.0000000           0.0000000
          -0.9380730          -0.9340257           0.0000000           0.0000000           0.0000000           0.0000000
          -0.9378616          -0.9337944           0.0000000           0.0000000           0.0000000           0.0000000
          -0.9376458          -0.9335587           0.0000000           0.0000000           0.0000000           0.0000000
          -0.9374253          -0.9333183           0.0000000           0.0000000           0.0000000           0.0000000
          -0.9372001          -0.9330733           0.0000000           0.0000000           0.0000000           0.0000000
          -0.9369699          -0.9328233           0.0000000           0.0000000           0.0000000           0.0000000
          -0.9367346          -0.9325682           0.0000000           0.0000000           0.0000000           0.0000000
          -0.9364940          -0.9323079           0.0000000           0.0000000           0.0000000           0.0000000
          -0.9362479          -0.9320421           0.0000000           0.0000000           0.0000000           0.0000000
          -0.9359961          -0.9317707           0.0000000           0.0000000           0.0000000           0.0000000
          -0.9357385          -0.9314935           0.0000000           0.0000000           0.0000000           0.0000000
          -0.9354748          -0.9312103           0.0000000           0.0000000           0.0000000           0.0000000
          -0.9352049          -0.9309209           0.0000000           0.0000000           0.0000000           0.0000000
          -0.9349286          -0.9306252           0.0000000           0.0000000           0.0000000           0.0000000
          -0.9346457          -0.9303230           0.0000000           0.0000000           0.0000000           0.0000000
          -0.9343560          -0.9300141           0.0000000           0.0000000           0.0000000           0.0000000
          -0.9340594          -0.9296983           0.0000000           0.0000000           0.0000000           0.0000000
          -0.9337557          -0.9293756           0.0000000           0.0000000           0.0000000           0.0000000
          -0.9334447          -0.9290456           0.0000000           0.0000000           0.0000000           0.0000000
          -0.9331262          -0.9287083           0.0000000           0.0000000           0.0000000           0.0000000
          -0.9328001          -0.9283635           0.0000000           0.0000000           0.0000000           0.0000000
          -0.9324664          -0.9280112           0.0000000           0.0000000           0.0000000           0.0000000
          -0.9321249          -0.9276511           0.0000000           0.0000000           0.0000000           0.0000000
          -0.9317754          -0.9272832           0.0000000           0.0000000           0.0000000           0.0000000
          -0.9314177          -0.9269073           0.0000000           0.0000000           0.0000000           0.0000000
          -0.9310520          -0.9265234           0.0000000           0.0000000           0.0000000           0.0000000
          -0.9306781          -0.9261315           0.0000000           0.0000000           0.0000000           0.0000000
          -0.9302959          -0.9257315           0.0000000           0.0000000           0.0000000           0.0000000
          -0.9299054          -0.9253233           0.0000000           0.0000000           0.0000000           0.0000000
          -0.9295065          -0.9249068           0.0000000           0.0000000           0.0000000           0.0000000
          -0.9290993          -0.9244822           0.0000000           0.0000000           0.0000000           0.0000000
          -0.9286839          -0.9240495           0.0000000           0.0000000           0.0000000           0.0000000
          -0.9282602          -0.9236087           0.0000000           0.0000000           0.0000000           0.0000000
          -0.9278282          -0.9231598           0.0000000           0.0000000           0.0000000           0.0000000
          -0.9273880          -0.9227028           0.0000000           0.0000000           0.0000000           0.0000000
          -0.9269400          -0.9222381           0.0000000           0.0000000           0.0000000           0.0000000
          -0.9264841          -0.9217657           0.0000000           0.0000000           0.0000000           0.0000000
          -0.9260203          -0.9212857           0.0000000           0.0000000           0.0000000           0.0000000
          -0.9255490          -0.9207982           0.0000000           0.0000000           0.0000000           0.0000000
          -0.9250702          -0.9203034           0.0000000           0.0000000           0.0000000           0.0000000
          -0.9245844          -0.9198017           0.0000000           0.0000000           0.0000000           0.0000000
          -0.9240916          -0.9192933           0.0000000           0.0000000           0.0000000           0.0000000
          -0.9235921          -0.9187782           0.0000000           0.0000000           0.0000000           0.0000000
          -0.9230861          -0.9182568           0.0000000           0.0000000           0.0000000           0.0000000
          -0.9225740          -0.9177295           0.0000000           0.0000000           0.0000000           0.0000000
          -0.9220562          -0.9171965           0.0000000           0.0000000           0.0000000           0.0000000
          -0.9215328          -0.9166582           0.0000000           0.0000000           0.0000000           0.0000000
          -0.9210042          -0.9161148           0.0000000           0.0000000           0.0000000           0.0000000
          -0.9204707          -0.9155667           0.0000000           0.0000000           0.0000000           0.0000000
          -0.9199329          -0.9150143           0.0000000           0.0000000           0.0000000           0.0000000
          -0.9193910          -0.9144580           0.0000000           0.0000000           0.0000000           0.0000000
          -0.9188454          -0.9138980           0.0000000           0.0000000           0.0000000           0.0000000
          -0.9182965          -0.9133348           0.0000000           0.0000000           0.0000000           0.0000000
          -0.9177445          -0.9127688           0.0000000           0.0000000           0.0000000           0.0000000
          -0.9171902          -0.9122005           0.0000000           0.0000000           0.0000000           0.0000000
          -0.9166338          -0.9116301           0.0000000           0.0000000           0.0000000           0.0000000
          -0.9160756          -0.9110581           0.0000000           0.0000000           0.0000000           0.0000000
          -0.9155161          -0.9104848           0.0000000           0.0000000           0.0000000           0.0000000
          -0.9149557          -0.9099107           0.0000000           0.0000000           0.0000000           0.0000000
          -0.9143948          -0.9093362           0.0000000           0.0000000           0.0000000           0.0000000
          -0.9138339          -0.9087617           0.0000000           0.0000000           0.0000000           0.0000000
          -0.9132732          -0.9081875           0.0000000           0.0000000           0.0000000           0.0000000
          -0.9127132          -0.9076140           0.0000000           0.0000000           0.0000000           0.0000000
          -0.9121542          -0.9070416           0.0000000           0.0000000           0.0000000           0.0000000
          -0.9115967          -0.9064707           0.0000000           0.0000000           0.0000000           0.0000000
          -0.9110410          -0.9059015           0.0000000           0.0000000           0.0000000           0.0000000
          -0.9104873          -0.9053345           0.0000000           0.0000000           0.0000000           0.0000000
          -0.9099361          -0.9047699           0.0000000           0.0000000           0.0000000           0.0000000
          -0.9093877          -0.9042081           0.0000000           0.0000000           0.0000000           0.0000000
          -0.9088425          -0.9036495           0.0000000           0.0000000           0.0000000           0.0000000
          -0.9083005          -0.9030942           0.0000000           0.0000000           0.0000000           0.0000000
          -0.9077623          -0.9025425           0.0000000           0.0000000           0.0000000           0.0000000
          -0.9072279          -0.9019947           0.0000000           0.0000000           0.0000000           0.0000000
          -0.9066978          -0.9014511           0.0000000           0.0000000           0.0000000           0.0000000
          -0.9061721          -0.9009119           0.0000000           0.0000000           0.0000000           0.0000000
          -0.9056511          -0.9003773           0.0000000           0.0000000           0.0000000           0.0000000
          -0.9051349          -0.8998475           0.0000000           0.0000000           0.0000000           0.0000000
          -0.9046237          -0.8993227           0.0000000           0.0000000           0.0000000           0.0000000
          -0.9041179          -0.8988031           0.0000000           0.0000000           0.0000000           0.0000000
          -0.9036174          -0.8982888           0.0000000           0.0000000           0.0000000           0.0000000
          -0.9031225          -0.8977800           0.0000000           0.0000000           0.0000000           0.0000000
          -0.9026332          -0.8972768           0.0000000           0.0000000           0.0000000           0.0000000
          -0.9021498          -0.8967794           0.0000000           0.0000000           0.0000000           0.0000000
          -0.9016723          -0.8962879           0.0000000           0.0000000           0.0000000           0.0000000
          -0.9012009          -0.8958023           0.0000000           0.0000000           0.0000000           0.0000000
          -0.9007355          -0.8953227           0.0000000           0.0000000           0.0000000           0.0000000
          -0.9002764          -0.8948492           0.0000000           0.0000000           0.0000000           0.0000000
          -0.8998235          -0.8943819           0.0000000           0.0000000           0.0000000           0.0000000
          -0.8993770          -0.8939208           0.0000000           0.0000000           0.0000000           0.0000000
          -0.8989369          -0.8934661           0.0000000           0.0000000           0.0000000           0.0000000
          -0.8985031          -0.8930176           0.0000000           0.0000000           0.0000000           0.0000000
          -0.8980758          -0.8925754           0.0000000           0.0000000           0.0000000           0.0000000
          -0.8976549          -0.8921396           0.0000000           0.0000000           0.0000000           0.0000000
          -0.8972406          -0.8917102           0.0000000           0.0000000           0.0000000           0.0000000
          -0.8968327          -0.8912872           0.0000000           0.0000000           0.0000000           0.0000000
          -0.8964313          -0.8908705           0.0000000           0.0000000           0.0000000           0.0000000
          -0.8960364          -0.8904602           0.0000000           0.0000000           0.0000000           0.0000000
          -0.8956479          -0.8900563           0.0000000           0.0000000           0.0000000           0.0000000
          -0.8952659          -0.8896587           0.0000000           0.0000000           0.0000000           0.0000000
          -0.8948903          -0.8892673           0.0000000           0.0000000           0.0000000           0.0000000
          -0.8945211          -0.8888823           0.0000000           0.0000000           0.0000000           0.0000000
          -0.8941583          -0.8885035           0.0000000           0.0000000           0.0000000           0.0000000
          -0.8938018          -0.8881310           0.0000000           0.0000000           0.0000000           0.0000000
          -0.8934517          -0.8877646           0.0000000           0.0000000           0.0000000           0.0000000
          -0.8931077          -0.8874043           0.0000000           0.0000000           0.0000000           0.0000000
          -0.8927700          -0.8870502           0.0000000           0.0000000           0.0000000           0.0000000
          -0.8924385          -0.8867020           0.0000000           0.0000000           0.0000000           0.0000000
          -0.8921130          -0.8863599           0.0000000           0.0000000           0.0000000           0.0000000
          -0.8917937          -0.8860237           0.0000000           0.0000000           0.0000000           0.0000000
          -0.8914803          -0.8856934           0.0000000           0.0000000           0.0000000           0.0000000
          -0.8911729          -0.8853689           0.0000000           0.0000000           0.0000000           0.0000000
          -0.8908714          -0.8850502           0.0000000           0.0000000           0.0000000           0.0000000
          -0.8905758          -0.8847373           0.0000000           0.0000000           0.0000000           0.0000000
          -0.8902859          -0.8844299           0.0000000           0.0000000           0.0000000           0.0000000
          -0.8900017          -0.8841282           0.0000000           0.0000000           0.0000000           0.0000000
          -0.8897233          -0.8838320           0.0000000           0.0000000           0.0000000           0.0000000
          -0.8894504          -0.8835413           0.0000000           0.0000000           0.0000000           0.0000000
          -0.8891831          -0.8832560           0.0000000           0.0000000           0.0000000           0.0000000
          -0.8889212          -0.8829761           0.0000000           0.0000000           0.0000000           0.0000000
          -0.8886648          -0.8827014           0.0000000           0.0000000           0.0000000           0.0000000
          -0.8884137          -0.8824320           0.0000000           0.0000000           0.0000000           0.0000000
          -0.8881679          -0.8821677           0.0000000           0.0000000           0.0000000           0.0000000
          -0.8879273          -0.8819085           0.0000000           0.0000000           0.0000000           0.0000000
          -0.8876919          -0.8816543           0.0000000           0.0000000           0.0000000           0.0000000
          -0.8874616          -0.8814051           0.0000000           0.0000000           0.0000000           0.0000000
          -0.8872363          -0.8811609           0.0000000           0.0000000           0.0000000           0.0000000
          -0.8870160          -0.8809214           0.0000000           0.0000000           0.0000000           0.0000000
          -0.8868006          -0.8806867           0.0000000           0.0000000           0.0000000           0.0000000
          -0.8865900          -0.8804568           0.0000000           0.0000000           0.0000000           0.0000000
          -0.8863842          -0.8802314           0.0000000           0.0000000           0.0000000           0.0000000
          -0.8861831          -0.8800107           0.0000000           0.0000000           0.0000000           0.0000000
          -0.8859867          -0.8797945           0.0000000           0.0000000           0.0000000           0.0000000
          -0.8857948          -0.8795827           0.0000000           0.0000000           0.0000000           0.0000000
          -0.8856075          -0.8793753           0.0000000           0.0000000           0.0000000           0.0000000
          -0.8854246          -0.8791723           0.0000000           0.0000000           0.0000000           0.0000000
          -0.8852462          -0.8789735           0.0000000           0.0000000           0.0000000           0.0000000
          -0.8850721          -0.8787789           0.0000000           0.0000000           0.0000000           0.0000000
          -0.8849022          -0.8785885           0.0000000           0.0000000           0.0000000           0.0000000
          -0.8847366          -0.8784022           0.0000000           0.0000000           0.0000000           0.0000000
          -0.8845751          -0.8782198           0.0000000           0.0000000           0.0000000           0.0000000
          -0.8844178          -0.8780415           0.0000000           0.0000000           0.0000000           0.0000000
          -0.8842644          -0.8778671           0.0000000           0.0000000           0.0000000           0.0000000
          -0.8841151          -0.8776965           0.0000000           0.0000000           0.0000000           0.0000000
          -0.8839697          -0.8775297           0.0000000           0.0000000           0.0000000           0.0000000
          -0.8838281          -0.8773666           0.0000000           0.0000000           0.0000000           0.0000000
          -0.8836904          -0.8772072           0.0000000           0.0000000           0.0000000           0.0000000
          -0.8835564          -0.8770514           0.0000000           0.0000000           0.0000000           0.0000000
          -0.8834261          -0.8768992           0.0000000           0.0000000           0.0000000           0.0000000
          -0.8832994          -0.8767505           0.0000000           0.0000000           0.0000000           0.0000000
          -0.8831763          -0.8766053           0.0000000           0.0000000           0.0000000           0.0000000
          -0.8826795          -0.8760100           0.0000000           0.0000000           0.0000000           0.0000000
          -0.8822456          -0.8754752           0.0000000           0.0000000           0.0000000           0.0000000
          -0.8818706          -0.8749966           0.0000000           0.0000000           0.0000000           0.0000000
          -0.8815505          -0.8745704           0.0000000           0.0000000           0.0000000           0.0000000
          -0.8812815          -0.8741927           0.0000000           0.0000000           0.0000000           0.0000000
          -0.8810601          -0.8738600           0.0000000           0.0000000           0.0000000           0.0000000
          -0.8808828          -0.8735688           0.0000000           0.0000000           0.0000000           0.0000000
          -0.8807466          -0.8733161           0.0000000           0.0000000           0.0000000           0.0000000
          -0.8806483          -0.8730986           0.0000000           0.0000000           0.0000000           0.0000000
          -0.8805851          -0.8729137           0.0000000           0.0000000           0.0000000           0.0000000
          -0.8805544          -0.8727586           0.0000000           0.0000000           0.0000000           0.0000000
          -0.8805537          -0.8726309           0.0000000           0.0000000           0.0000000           0.0000000
          -0.8805806          -0.8725280           0.0000000           0.0000000           0.0000000           0.0000000
          -0.8806328          -0.8724479           0.0000000           0.0000000           0.0000000           0.0000000
          -0.8807084          -0.8723883           0.0000000           0.0000000           0.0000000           0.0000000
          -0.8808052          -0.8723474           0.0000000           0.0000000           0.0000000           0.0000000
          -0.8809216          -0.8723233           0.0000000           0.0000000           0.0000000           0.0000000
          -0.8810557          -0.8723143           0.0000000           0.0000000           0.0000000           0.0000000
          -0.8812060          -0.8723187           0.0000000           0.0000000           0.0000000           0.0000000
          -0.8813709          -0.8723350           0.0000000           0.0000000           0.0000000           0.0000000
          -0.8815491          -0.8723619           0.0000000           0.0000000           0.0000000           0.0000000
          -0.8817392          -0.8723980           0.0000000           0.0000000           0.0000000           0.0000000
          -0.8819400          -0.8724421           0.0000000           0.0000000           0.0000000           0.0000000
          -0.8821504          -0.8724929           0.0000000           0.0000000           0.0000000           0.0000000
          -0.8823692          -0.8725495           0.0000000           0.0000000           0.0000000           0.0000000
          -0.8825955          -0.8726109           0.0000000           0.0000000           0.0000000           0.0000000
          -0.8828284          -0.8726761           0.0000000           0.0000000           0.0000000           0.0000000
          -0.8830669          -0.8727443           0.0000000           0.0000000           0.0000000           0.0000000
          -0.8833103          -0.8728146           0.0000000           0.0000000           0.0000000           0.0000000
          -0.8835579          -0.8728863           0.0000000           0.0000000           0.0000000           0.0000000
          -0.8838089          -0.8729588           0.0000000           0.0000000           0.0000000           0.0000000
          -0.8840627          -0.8730314           0.0000000           0.0000000           0.0000000           0.0000000
          -0.8843187          -0.8731035           0.0000000           0.0000000           0.0000000           0.0000000
          -0.8845764          -0.8731746           0.0000000           0.0000000           0.0000000           0.0000000
          -0.8848352          -0.8732441           0.0000000           0.0000000           0.0000000           0.0000000
          -0.8850947          -0.8733117           0.0000000           0.0000000           0.0000000           0.0000000
          -0.8853544          -0.8733769           0.0000000           0.0000000           0.0000000           0.0000000
          -0.8856140          -0.8734392           0.0000000           0.0000000           0.0000000           0.0000000
          -0.8858731          -0.8734985           0.0000000           0.0000000           0.0000000           0.0000000
          -0.8861313          -0.8735543           0.0000000           0.0000000           0.0000000           0.0000000
          -0.8863884          -0.8736064           0.0000000           0.0000000           0.0000000           0.0000000
          -0.8866440          -0.8736545           0.0000000           0.0000000           0.0000000           0.0000000
          -0.8868980          -0.8736984           0.0000000           0.0000000           0.0000000           0.0000000
          -0.8871500          -0.8737378           0.0000000           0.0000000           0.0000000           0.0000000
          -0.8874000          -0.8737726           0.0000000           0.0000000           0.0000000           0.0000000
          -0.8876475          -0.8738027           0.0000000           0.0000000           0.0000000           0.0000000
          -0.8878926          -0.8738278           0.0000000           0.0000000           0.0000000           0.0000000
          -0.8881351          -0.8738478           0.0000000           0.0000000           0.0000000           0.0000000
          -0.8883748          -0.8738627           0.0000000           0.0000000           0.0000000           0.0000000
          -0.8886116          -0.8738723           0.0000000           0.0000000           0.0000000           0.0000000
          -0.8888453          -0.8738766           0.0000000           0.0000000           0.0000000           0.0000000
          -0.8890760          -0.8738754           0.0000000           0.0000000           0.0000000           0.0000000
          -0.8893035          -0.8738689           0.0000000           0.0000000           0.0000000           0.0000000
          -0.8895277          -0.8738568           0.0000000           0.0000000           0.0000000           0.0000000
          -0.8897486          -0.8738392           0.0000000           0.0000000           0.0000000           0.0000000
          -0.8899662          -0.8738162           0.0000000           0.0000000           0.0000000           0.0000000
          -0.8901803          -0.8737875           0.0000000           0.0000000           0.0000000           0.0000000
          -0.8903910          -0.8737534           0.0000000           0.0000000           0.0000000           0.0000000
          -0.8905982          -0.8737137           0.0000000           0.0000000           0.0000000           0.0000000
          -0.8908020          -0.8736686           0.0000000           0.0000000           0.0000000           0.0000000
          -0.8910023          -0.8736180           0.0000000           0.0000000           0.0000000           0.0000000
          -0.8911990          -0.8735620           0.0000000           0.0000000           0.0000000           0.0000000
          -0.8913923          -0.8735006           0.0000000           0.0000000           0.0000000           0.0000000
          -0.8915820          -0.8734339           0.0000000           0.0000000           0.0000000           0.0000000
          -0.8917683          -0.8733619           0.0000000           0.0000000           0.0000000           0.0000000
          -0.8919511          -0.8732847           0.0000000           0.0000000           0.0000000           0.0000000
          -0.8921305          -0.8732023           0.0000000           0.0000000           0.0000000           0.0000000
          -0.8923064          -0.8731149           0.0000000           0.0000000           0.0000000           0.0000000
          -0.8924790          -0.8730225           0.0000000           0.0000000           0.0000000           0.0000000
          -0.8926481          -0.8729251           0.0000000           0.0000000           0.0000000           0.0000000
          -0.8928139          -0.8728229           0.0000000           0.0000000           0.0000000           0.0000000
          -0.8929765          -0.8727160           0.0000000           0.0000000           0.0000000           0.0000000
          -0.8931357          -0.8726044           0.0000000           0.0000000           0.0000000           0.0000000
          -0.8932917          -0.8724882           0.0000000           0.0000000           0.0000000           0.0000000
          -0.8934444          -0.8723675           0.0000000           0.0000000           0.0000000           0.0000000
          -0.8935941          -0.8722425           0.0000000           0.0000000           0.0000000           0.0000000
          -0.8937406          -0.8721131           0.0000000           0.0000000           0.0000000           0.0000000
          -0.8938840          -0.8719796           0.0000000           0.0000000           0.0000000           0.0000000
          -0.8940244          -0.8718420           0.0000000           0.0000000           0.0000000           0.0000000
          -0.8941618          -0.8717003           0.0000000           0.0000000           0.0000000           0.0000000
          -0.8942963          -0.8715549           0.0000000           0.0000000           0.0000000           0.0000000
          -0.8944279          -0.8714056           0.0000000           0.0000000           0.0000000           0.0000000
          -0.8945566          -0.8712527           0.0000000           0.0000000           0.0000000           0.0000000
          -0.8946825          -0.8710962           0.0000000           0.0000000           0.0000000           0.0000000
          -0.8948057          -0.8709363           0.0000000           0.0000000           0.0000000           0.0000000
          -0.8949262          -0.8707730           0.0000000           0.0000000           0.0000000           0.0000000
          -0.8950440          -0.8706065           0.0000000           0.0000000           0.0000000           0.0000000
          -0.8951592          -0.8704369           0.0000000           0.0000000           0.0000000           0.0000000
          -0.8952718          -0.8702643           0.0000000           0.0000000           0.0000000           0.0000000
          -0.8953819          -0.8700888           0.0000000           0.0000000           0.0000000           0.0000000
          -0.8954895          -0.8699105           0.0000000           0.0000000           0.0000000           0.0000000
          -0.8955947          -0.8697296           0.0000000           0.0000000           0.0000000           0.0000000
          -0.8956975          -0.8695461           0.0000000           0.0000000           0.0000000           0.0000000
          -0.8957980          -0.8693602           0.0000000           0.0000000           0.0000000           0.0000000
          -0.8958962          -0.8691720           0.0000000           0.0000000           0.0000000           0.0000000
          -0.8959922          -0.8689816           0.0000000           0.0000000           0.0000000           0.0000000
          -0.8960860          -0.8687890           0.0000000           0.0000000           0.0000000           0.0000000
          -0.8961776          -0.8685946           0.0000000           0.0000000           0.0000000           0.0000000
          -0.8962671          -0.8683982           0.0000000           0.0000000           0.0000000           0.0000000
          -0.8963545          -0.8682001           0.0000000           0.0000000           0.0000000           0.0000000
          -0.8964399          -0.8680004           0.0000000           0.0000000           0.0000000           0.0000000
          -0.8965234          -0.8677992           0.0000000           0.0000000           0.0000000           0.0000000
          -0.8966049          -0.8675965           0.0000000           0.0000000           0.0000000           0.0000000
          -0.8966844          -0.8673926           0.0000000           0.0000000           0.0000000           0.0000000
          -0.8967622          -0.8671875           0.0000000           0.0000000           0.0000000           0.0000000
          -0.8968381          -0.8669814           0.0000000           0.0000000           0.0000000           0.0000000
          -0.8969122          -0.8667743           0.0000000           0.0000000           0.0000000           0.0000000
          -0.8969846          -0.8665664           0.0000000           0.0000000           0.0000000           0.0000000
          -0.8970553          -0.8663578           0.0000000           0.0000000           0.0000000           0.0000000
          -0.8971243          -0.8661485           0.0000000           0.0000000           0.0000000           0.0000000
          -0.8971916          -0.8659388           0.0000000           0.0000000           0.0000000           0.0000000
          -0.8972574          -0.8657286           0.0000000           0.0000000           0.0000000           0.0000000
          -0.8973216          -0.8655182           0.0000000           0.0000000           0.0000000           0.0000000
          -0.8973843          -0.8653076           0.0000000           0.0000000           0.0000000           0.0000000
          -0.8974455          -0.8650970           0.0000000           0.0000000           0.0000000           0.0000000
          -0.8975052          -0.8648864           0.0000000           0.0000000           0.0000000           0.0000000
          -0.8975635          -0.8646760           0.0000000           0.0000000           0.0000000           0.0000000
          -0.8976204          -0.8644658           0.0000000           0.0000000           0.0000000           0.0000000
          -0.8976760          -0.8642560           0.0000000           0.0000000           0.0000000           0.0000000
          -0.8977302          -0.8640467           0.0000000           0.0000000           0.0000000           0.0000000
          -0.8977830          -0.8638379           0.0000000           0.0000000           0.0000000           0.0000000
          -0.8978346          -0.8636298           0.0000000           0.0000000           0.0000000           0.0000000
          -0.8978850          -0.8634225           0.0000000           0.0000000           0.0000000           0.0000000
          -0.8979341          -0.8632161           0.0000000           0.0000000           0.0000000           0.0000000
          -0.8979820          -0.8630106           0.0000000           0.0000000           0.0000000           0.0000000
          -0.8980288          -0.8628063           0.0000000           0.0000000           0.0000000           0.0000000
          -0.8980744          -0.8626030           0.0000000           0.0000000           0.0000000           0.0000000
          -0.8981189          -0.8624011           0.0000000           0.0000000           0.0000000           0.0000000
          -0.8981623          -0.8622005           0.0000000           0.0000000           0.0000000           0.0000000
          -0.8982046          -0.8620013           0.0000000           0.0000000           0.0000000           0.0000000
          -0.8982458          -0.8618037           0.0000000           0.0000000           0.0000000           0.0000000
          -0.8982861          -0.8616077           0.0000000           0.0000000           0.0000000           0.0000000
          -0.8983253          -0.8614135           0.0000000           0.0000000           0.0000000           0.0000000
          -0.8983635          -0.8612210           0.0000000           0.0000000           0.0000000           0.0000000
          -0.8984007          -0.8610303           0.0000000           0.0000000           0.0000000           0.0000000
          -0.8984371          -0.8608417           0.0000000           0.0000000           0.0000000           0.0000000
          -0.8984724          -0.8606550           0.0000000           0.0000000           0.0000000           0.0000000
          -0.8985069          -0.8604705           0.0000000           0.0000000           0.0000000           0.0000000
          -0.8985404          -0.8602882           0.0000000           0.0000000           0.0000000           0.0000000
          -0.8985731          -0.8601081           0.0000000           0.0000000           0.0000000           0.0000000
          -0.8986049          -0.8599303           0.0000000           0.0000000           0.0000000           0.0000000
          -0.8986359          -0.8597549           0.0000000           0.0000000           0.0000000           0.0000000
          -0.8986660          -0.8595819           0.0000000           0.0000000           0.0000000           0.0000000
          -0.8986953          -0.8594114           0.0000000           0.0000000           0.0000000           0.0000000
          -0.8987238          -0.8592435           0.0000000           0.0000000           0.0000000           0.0000000
          -0.8987515          -0.8590782           0.0000000           0.0000000           0.0000000           0.0000000
          -0.8987784          -0.8589156           0.0000000           0.0000000           0.0000000           0.0000000
          -0.8988046          -0.8587557           0.0000000           0.0000000           0.0000000           0.0000000
          -0.8988299          -0.8585985           0.0000000           0.0000000           0.0000000           0.0000000
          -0.8988546          -0.8584441           0.0000000           0.0000000           0.0000000           0.0000000
          -0.8988784          -0.8582925           0.0000000           0.0000000           0.0000000           0.0000000
          -0.8989016          -0.8581438           0.0000000           0.0000000           0.0000000           0.0000000
          -0.8989240          -0.8579979           0.0000000           0.0000000           0.0000000           0.0000000
          -0.8989456          -0.8578550           0.0000000           0.0000000           0.0000000           0.0000000
          -0.8989666          -0.8577150           0.0000000           0.0000000           0.0000000           0.0000000
          -0.8989868          -0.8575779           0.0000000           0.0000000           0.0000000           0.0000000
          -0.8990063          -0.8574438           0.0000000           0.0000000           0.0000000           0.0000000
          -0.8990251          -0.8573126           0.0000000           0.0000000           0.0000000           0.0000000
          -0.8990431          -0.8571843           0.0000000           0.0000000           0.0000000           0.0000000
          -0.8990605          -0.8570591           0.0000000           0.0000000           0.0000000           0.0000000
          -0.8990771          -0.8569367           0.0000000           0.0000000           0.0000000           0.0000000
          -0.8990930          -0.8568173           0.0000000           0.0000000           0.0000000           0.0000000
          -0.8991082          -0.8567008           0.0000000           0.0000000           0.0000000           0.0000000
          -0.8991227          -0.8565872           0.0000000           0.0000000           0.0000000           0.0000000
          -0.8991364          -0.8564764           0.0000000           0.0000000           0.0000000           0.0000000
          -0.8991493          -0.8563684           0.0000000           0.0000000           0.0000000           0.0000000
          -0.8991615          -0.8562633           0.0000000           0.0000000           0.0000000           0.0000000
          -0.8991730          -0.8561609           0.0000000           0.0000000           0.0000000           0.0000000
          -0.8991836          -0.8560611           0.0000000           0.0000000           0.0000000           0.0000000
          -0.8991935          -0.8559640           0.0000000           0.0000000           0.0000000           0.0000000
          -0.8992026          -0.8558694           0.0000000           0.0000000           0.0000000           0.0000000
          -0.8992108          -0.8557774           0.0000000           0.0000000           0.0000000           0.0000000
          -0.8992181          -0.8556878           0.0000000           0.0000000           0.0000000           0.0000000
          -0.8992246          -0.8556005           0.0000000           0.0000000           0.0000000           0.0000000
          -0.8992302          -0.8555155           0.0000000           0.0000000           0.0000000           0.0000000
          -0.8992348          -0.8554327           0.0000000           0.0000000           0.0000000           0.0000000
          -0.8992385          -0.8553519           0.0000000           0.0000000           0.0000000           0.0000000
          -0.8992412          -0.8552731           0.0000000           0.0000000           0.0000000           0.0000000
          -0.8992428          -0.8551962           0.0000000           0.0000000           0.0000000           0.0000000
          -0.8992434          -0.8551210           0.0000000           0.0000000           0.0000000           0.0000000
          -0.8992428          -0.8550475           0.0000000           0.0000000           0.0000000           0.0000000
          -0.8992411          -0.8549754           0.0000000           0.0000000           0.0000000           0.0000000
          -0.8992382          -0.8549048           0.0000000           0.0000000           0.0000000           0.0000000
          -0.8992340          -0.8548353           0.0000000           0.0000000           0.0000000           0.0000000
          -0.8992285          -0.8547670           0.0000000           0.0000000           0.0000000           0.0000000
          -0.8992216          -0.8546996           0.0000000           0.0000000           0.0000000           0.0000000
          -0.8992132          -0.8546331           0.0000000           0.0000000           0.0000000           0.0000000
          -0.8992033          -0.8545671           0.0000000           0.0000000           0.0000000           0.0000000
          -0.8991918          -0.8545017           0.0000000           0.0000000           0.0000000           0.0000000
          -0.8991786          -0.8544365           0.0000000           0.0000000           0.0000000           0.0000000
          -0.8991636          -0.8543715           0.0000000           0.0000000           0.0000000           0.0000000
          -0.8991467          -0.8543064           0.0000000           0.0000000           0.0000000           0.0000000
          -0.8991279          -0.8542410           0.0000000           0.0000000           0.0000000           0.0000000
          -0.8991069          -0.8541752           0.0000000           0.0000000           0.0000000           0.0000000
          -0.8990838          -0.8541088           0.0000000           0.0000000           0.0000000           0.0000000
          -0.8990583          -0.8540416           0.0000000           0.0000000           0.0000000           0.0000000
          -0.8990303          -0.8539732           0.0000000           0.0000000           0.0000000           0.0000000
          -0.8989997          -0.8539037           0.0000000           0.0000000           0.0000000           0.0000000
          -0.8989663          -0.8538326           0.0000000           0.0000000           0.0000000           0.0000000
          -0.8989300          -0.8537598           0.0000000           0.0000000           0.0000000           0.0000000
          -0.8988906          -0.8536850           0.0000000           0.0000000           0.0000000           0.0000000
          -0.8988478          -0.8536080           0.0000000           0.0000000           0.0000000           0.0000000
          -0.8988016          -0.8535285           0.0000000           0.0000000           0.0000000           0.0000000
          -0.8987516          -0.8534463           0.0000000           0.0000000           0.0000000           0.0000000
          -0.8986977          -0.8533611           0.0000000           0.0000000           0.0000000           0.0000000
          -0.8986396          -0.8532726           0.0000000           0.0000000           0.0000000           0.0000000
          -0.8985771          -0.8531805           0.0000000           0.0000000           0.0000000           0.0000000
          -0.8985098          -0.8530845           0.0000000           0.0000000           0.0000000           0.0000000
          -0.8984374          -0.8529843           0.0000000           0.0000000           0.0000000           0.0000000
          -0.8983598          -0.8528796           0.0000000           0.0000000           0.0000000           0.0000000
          -0.8982764          -0.8527700           0.0000000           0.0000000           0.0000000           0.0000000
          -0.8981871          -0.8526551           0.0000000           0.0000000           0.0000000           0.0000000
          -0.8980913          -0.8525346           0.0000000           0.0000000           0.0000000           0.0000000
          -0.8979886          -0.8524080           0.0000000           0.0000000           0.0000000           0.0000000
          -0.8978787          -0.8522750           0.0000000           0.0000000           0.0000000           0.0000000
          -0.8977612          -0.8521351           0.0000000           0.0000000           0.0000000           0.0000000
          -0.8976354          -0.8519878           0.0000000           0.0000000           0.0000000           0.0000000
          -0.8975008          -0.8518326           0.0000000           0.0000000           0.0000000           0.0000000
          -0.8973570          -0.8516691           0.0000000           0.0000000           0.0000000           0.0000000
          -0.8972034          -0.8514966           0.0000000           0.0000000           0.0000000           0.0000000
          -0.8970392          -0.8513146           0.0000000           0.0000000           0.0000000           0.0000000
          -0.8968639          -0.8511224           0.0000000           0.0000000           0.0000000           0.0000000
          -0.8966767          -0.8509194           0.0000000           0.0000000           0.0000000           0.0000000
          -0.8964769          -0.8507050           0.0000000           0.0000000           0.0000000           0.0000000
          -0.8962637          -0.8504782           0.0000000           0.0000000           0.0000000           0.0000000
          -0.8960362          -0.8502384           0.0000000           0.0000000           0.0000000           0.0000000
          -0.8957936          -0.8499847           0.0000000           0.0000000           0.0000000           0.0000000
          -0.8955349          -0.8497163           0.0000000           0.0000000           0.0000000           0.0000000
          -0.8952591          -0.8494321           0.0000000           0.0000000           0.0000000           0.0000000
          -0.8949651          -0.8491312           0.0000000           0.0000000           0.0000000           0.0000000
          -0.8946518          -0.8488125           0.0000000           0.0000000           0.0000000           0.0000000
          -0.8943180          -0.8484749           0.0000000           0.0000000           0.0000000           0.0000000
          -0.8939624          -0.8481171           0.0000000           0.0000000           0.0000000           0.0000000
          -0.8935837          -0.8477379           0.0000000           0.0000000           0.0000000           0.0000000
          -0.8931805          -0.8473359           0.0000000           0.0000000           0.0000000           0.0000000
          -0.8927512          -0.8469098           0.0000000           0.0000000           0.0000000           0.0000000
          -0.8922943          -0.8464580           0.0000000           0.0000000           0.0000000           0.0000000
          -0.8918082          -0.8459789           0.0000000           0.0000000           0.0000000           0.0000000
          -0.8912909          -0.8454708           0.0000000           0.0000000           0.0000000           0.0000000
          -0.8907408          -0.8449319           0.0000000           0.0000000           0.0000000           0.0000000
          -0.8901558          -0.8443605           0.0000000           0.0000000           0.0000000           0.0000000
          -0.8895339          -0.8437544           0.0000000           0.0000000           0.0000000           0.0000000
          -0.8888730          -0.8431117           0.0000000           0.0000000           0.0000000           0.0000000
          -0.8881707          -0.8424302           0.0000000           0.0000000           0.0000000           0.0000000
          -0.8874247          -0.8417076           0.0000000           0.0000000           0.0000000           0.0000000
          -0.8866324          -0.8409415           0.0000000           0.0000000           0.0000000           0.0000000
          -0.8857914          -0.8401295           0.0000000           0.0000000           0.0000000           0.0000000
          -0.8848988          -0.8392688           0.0000000           0.0000000           0.0000000           0.0000000
          -0.8839518          -0.8383569           0.0000000           0.0000000           0.0000000           0.0000000
          -0.8829475          -0.8373908           0.0000000           0.0000000           0.0000000           0.0000000
          -0.8818827          -0.8363677           0.0000000           0.0000000           0.0000000           0.0000000
          -0.8807542          -0.8352844           0.0000000           0.0000000           0.0000000           0.0000000
          -0.8795588          -0.8341379           0.0000000           0.0000000           0.0000000           0.0000000
          -0.8782929          -0.8329248           0.0000000           0.0000000           0.0000000           0.0000000
          -0.8769530          -0.8316417           0.0000000           0.0000000           0.0000000           0.0000000
          -0.8755354          -0.8302852           0.0000000           0.0000000           0.0000000           0.0000000
          -0.8740364          -0.8288516           0.0000000           0.0000000           0.0000000           0.0000000
          -0.8724519          -0.8273373           0.0000000           0.0000000           0.0000000           0.0000000
          -0.8707781          -0.8257385           0.0000000           0.0000000           0.0000000           0.0000000
          -0.8690109          -0.8240513           0.0000000           0.0000000           0.0000000           0.0000000
          -0.8671462          -0.8222718           0.0000000           0.0000000           0.0000000           0.0000000
          -0.8651796          -0.8203961           0.0000000           0.0000000           0.0000000           0.0000000
          -0.8631070          -0.8184200           0.0000000           0.0000000           0.0000000           0.0000000
          -0.8609241          -0.8163395           0.0000000           0.0000000           0.0000000           0.0000000
          -0.8586264          -0.8141505           0.0000000           0.0000000           0.0000000           0.0000000
          -0.8562098          -0.8118490           0.0000000           0.0000000           0.0000000           0.0000000
          -0.8536699          -0.8094308           0.0000000           0.0000000           0.0000000           0.0000000
          -0.8510025          -0.8068918           0.0000000           0.0000000           0.0000000           0.0000000
          -0.8482032          -0.8042282           0.0000000           0.0000000           0.0000000           0.0000000
          -0.8452681          -0.8014360           0.0000000           0.0000000           0.0000000           0.0000000
          -0.8421931          -0.7985114           0.0000000           0.0000000           0.0000000           0.0000000
          -0.8389743          -0.7954507           0.0000000           0.0000000           0.0000000           0.0000000
          -0.8356081          -0.7922504           0.0000000           0.0000000           0.0000000           0.0000000
          -0.8320908          -0.7889072           0.0000000           0.0000000           0.0000000           0.0000000
          -0.8284193          -0.7854179           0.0000000           0.0000000           0.0000000           0.0000000
          -0.8245906          -0.7817797           0.0000000           0.0000000           0.0000000           0.0000000
          -0.8206017          -0.7779900           0.0000000           0.0000000           0.0000000           0.0000000
          -0.8164503          -0.7740464           0.0000000           0.0000000           0.0000000           0.0000000
          -0.8121344          -0.7699470           0.0000000           0.0000000           0.0000000           0.0000000
          -0.8076520          -0.7656899           0.0000000           0.0000000           0.0000000           0.0000000
          -0.8030018          -0.7612740           0.0000000           0.0000000           0.0000000           0.0000000
          -0.7981829          -0.7566983           0.0000000           0.0000000           0.0000000           0.0000000
          -0.7931948          -0.7519623           0.0000000           0.0000000           0.0000000           0.0000000
          -0.7880372          -0.7470659           0.0000000           0.0000000           0.0000000           0.0000000
          -0.7827106          -0.7420094           0.0000000           0.0000000           0.0000000           0.0000000
          -0.7772157          -0.7367936           0.0000000           0.0000000           0.0000000           0.0000000
          -0.7715539          -0.7314196           0.0000000           0.0000000           0.0000000           0.0000000
          -0.7657268          -0.7258892           0.0000000           0.0000000           0.0000000           0.0000000
          -0.7597367          -0.7202045           0.0000000           0.0000000           0.0000000           0.0000000
          -0.7535864          -0.7143680           0.0000000           0.0000000           0.0000000           0.0000000
          -0.7472789          -0.7083827           0.0000000           0.0000000           0.0000000           0.0000000
          -0.7408178          -0.7022520           0.0000000           0.0000000           0.0000000           0.0000000
          -0.7342073          -0.6959798           0.0000000           0.0000000           0.0000000           0.0000000
          -0.7274518          -0.6895703           0.0000000           0.0000000           0.0000000           0.0000000
          -0.7205560          -0.6830281           0.0000000           0.0000000           0.0000000           0.0000000
          -0.7135254          -0.6763581           0.0000000           0.0000000           0.0000000           0.0000000
          -0.7063653          -0.6695657           0.0000000           0.0000000           0.0000000           0.0000000
          -0.6990818          -0.6626565           0.0000000           0.0000000           0.0000000           0.0000000
          -0.6916811          -0.6556362           0.0000000           0.0000000           0.0000000           0.0000000
          -0.6841694          -0.6485111           0.0000000           0.0000000           0.0000000           0.0000000
