   2442832249.24409       -2426601215.18453       0.000000000000000E+000
   2387226467.12983       -2391582869.87236        3041654826.89150     
   2332886427.35567       -2331726431.66393        2157409337.16933     
   2279783318.10839       -2280101424.96779        2326681770.10126     
   2227888983.41172       -2227811024.10561        2215204740.08884     
   2177175908.10573       -2177204068.57221        2180459566.72746     
   2127617203.44104       -2127616921.17060        2126625331.24075     
   2079186592.82861       -2079193919.84525        2079343123.31803     
   2031858397.71277       -2031863675.87902        2031709633.01576     
   1985607523.96933       -1985613344.80709        1985543081.13157     
   1940409448.76732       -1940415115.75104        1940325213.03728     
   1896240207.57261       -1896245904.26867        1896163750.32499     
   1853076381.26401       -1853082058.48555        1853000257.94124     
   1810895083.80463       -1810900754.72346        1810821234.73060     
   1769673950.10737       -1769679611.21372        1769601798.07362     
   1729391124.17667       -1729396776.32883        1729320783.11193     
   1690025247.52015       -1690030890.78606        1689956590.17999     
   1651555447.82410       -1651561081.06500        1651488626.16529     
   1613961327.88666       -1613966955.58130        1613895623.74410     
   1577222954.66978       -1577228577.51936        1577159349.53093     
   1541320849.12595       -1541326460.91687        1541258876.29117     
   1506235975.49311       -1506241581.83592        1506175000.32841     
   1471949731.16366       -1471955332.08372        1471890814.17964     
   1438443937.24639       -1438449528.08590        1438386343.41734     
   1405700828.52102       -1405706410.52651        1405644711.85272     
   1373703044.15303       -1373708616.98893        1373648321.43720     
   1342433618.48877       -1342439182.24379        1342380270.97287     
   1311875972.05999       -1311881526.70815        1311823964.83305     
   1282013902.79324       -1282019448.34312        1281963205.58580     
   1252831577.41926       -1252837113.85593        1252782161.78274     
   1224313523.07802       -1224319050.44632        1224265352.88904     
   1196444619.11477       -1196450137.24386        1196397691.20452     
   1169210089.06289       -1169215598.58522        1169164280.12107     
   1142595492.80921       -1142600991.36007        1142551131.06022     
   1116586719.03194       -1116592203.05302        1116543517.48840     
   1091169977.53085       -1091175450.75409        1091127536.77648     
   1066331791.90883       -1066337255.33510        1066290705.40399     
   1042058992.62624       -1042064451.37795        1042018258.37793     
   1018338709.74677       -1018344164.90760        1018299646.27017     
   995158366.624321       -995163810.123781        995120387.963920     
   972505672.747860       -972511111.844995        972467984.575297     
   950368617.175753       -950374051.898981        950332611.447815     
   928735462.716576       -928740887.059001        928700211.773513     
   907594739.180635       -907600154.729874        907560467.013278     
   886935237.471630       -886940643.879474        886901845.216510     
   866746003.643442       -866751400.710623        866713535.190468     
   847016333.092210       -847021721.959635        846984587.065129     
   827735764.880604       -827741141.179632        827705381.063874     
   808894076.327907       -808899438.452565        808864123.741537     
   790481277.184178       -790486634.817191        790451679.300606     
   772487604.589531       -772492956.741770        772459340.159251     
   754903518.196602       -754908860.252143        754875874.780544     
   737719694.685182       -737725027.880065        737692840.648272     
   720927022.959740       -720932346.962008        720900891.166617     
   704516599.318598       -704521914.216434        704491186.242776     
   688479722.733074       -688485028.502100        688455008.286949     
   672807890.234077       -672813186.880101        672783859.252196     
   657492792.403723       -657498079.924448        657469428.867261     
   642526308.969577       -642531587.364959        642503597.539134     
   627900504.499163       -627905773.768552        627878430.113975     
   613607624.192505       -613612884.335379        613586172.142037     
   599640089.770426       -599645340.786274        599619245.681903     
   585990495.456442       -585995737.344799        585970245.278164     
   572651604.050121       -572656836.810475        572631934.064507     
   559616343.089831       -559621566.721709        559597239.869372     
   546877801.102815       -546883015.605783        546859251.548548     
   534429223.940647       -534434429.314228        534411215.235176     
   522264011.198089       -522269207.441848        522246530.825485     
   510375712.713468       -510380899.826972        510358748.436310     
   498758025.148716       -498763203.131548        498741565.013349     
   487404788.647257       -487409957.498996        487388820.968590     
   476309983.567971       -476315143.288207        476294496.928881     
   465467727.293495       -465472877.881835        465452710.534701     
   454872271.111188       -454877412.567262        454857713.328589     
   444517997.165084       -444523129.488511        444503887.704616     
   434399415.477230       -434404538.667639        434385743.923648     
   424511161.036830       -424516275.093865        424497917.215398     
   414847990.955642       -414853095.878955        414835164.920062     
   405404781.688131       -405409877.477379        405392363.722290     
   396176526.314897       -396181612.969729        396164506.920935     
   387158331.887940       -387163409.408044        387146701.783119     
   378345416.836353       -378350485.221411        378334166.954137     
   369733108.431074       -369738167.680759        369722229.906578     
   361316840.307337       -361321890.421351        361306324.479246     
   353092150.043529       -353097191.021575        353081988.447870     
   345054676.795155       -345059708.636957        345044861.158997     
   337200158.982660       -337205181.687914        337190681.226914     
   329524432.031882       -329529445.600297        329515284.252623     
   322023426.165941       -322028430.597261        322014600.645774     
   314693164.247387       -314698159.541351        314684653.441609     
   307529759.669473       -307534745.825819        307521556.207474     
   300529414.295423       -300534391.313888        300521510.972143     
   293688416.444608       -293693384.324951        293680806.219257     
   287003138.924565       -287008097.666551        286995814.917649     
   280470037.107812       -280474986.711193        280462992.597092     
   274085647.052440       -274090587.516989        274078875.464967     
   267846583.665481       -267851514.990973        267840078.583592     
   261749538.908095       -261754461.094300        261743294.054744     
   255791280.041596       -255796193.088311        255785289.285650     
   249968647.913415       -249973551.820424        249962905.263470     
   244278555.282076       -244283450.049171        244273054.881153     
   238717985.180297       -238722870.807281        238712721.306520     
   233283989.315356       -233288865.802026        233278956.376900     
   227973686.505868       -227978553.852033        227968879.036424     
   222784261.154142       -222789119.359621        222779673.814210     
   217712961.753316       -217717810.817922        217708589.323475     
   212757099.428470       -212761939.352025        212752936.808746     
   207914046.510949       -207918877.293276        207910088.717219     
   203181235.145141       -203186056.786072        203177477.306187     
   198556155.926963       -198560968.426330        198552593.284036     
   194036356.573342       -194041159.930976        194032984.474255     
   189619440.621983       -189624234.837729        189616254.521224     
   185303066.160733       -185307851.234436        185300061.616295     
   181084944.585869       -181089720.517374        181082117.257073     
   176962839.388646       -176967606.177805        176960185.032749     
   172934564.969477       -172939322.616150        172932079.440885     
   168997985.479092       -169002733.983138        168995664.727142     
   165151013.686088       -165155753.047358        165148853.752140     
   161391609.870249       -161396340.088615        161389606.883362     
   157717780.741059       -157722501.816391        157715930.923023     
   154127578.380835       -154132290.313001        154125878.034544     
   150619099.211912       -150623802.000790        150617544.728537     
   147190482.987343       -147195176.632803        147189070.837513     
   143839911.804574       -143844596.306500        143838638.539899     
   140565609.141560       -140570284.499836        140564471.393095     
   137365838.914840       -137370505.129347        137364833.389128     
   134238904.559034       -134243561.629663        134238028.038080     
   131183148.127307       -131187796.053948        131182397.466519     
   128196949.412299       -128201588.194843        128196321.538522     
   125278725.087073       -125283354.725419        125278216.996703     
   122426927.865616       -122431548.359662        122426536.624288     
   119640045.682440       -119644657.032085        119639768.421818     
   116916600.890873       -116921203.096022        116916434.808200     
   114255149.479586       -114259742.540144        114255091.835967     
   111654280.306962       -111658864.222836        111654328.425749     
   109112614.352889       -109117189.123988        109112765.618419     
   106628803.987583       -106633369.613819        106629055.843557     
   104201532.257061       -104206088.738347        104201882.205799     
   101829512.184871       -101834059.521126        101829957.784678     
   99511486.0897242       -99516024.2808678        99512024.9556053     
   97246224.9186501       -97250753.9645987        97246854.7193799     
   95032527.5953411       -95037047.4960187        95033246.0521853     
   92869220.3833238       -92873731.1386545        92870025.2706755     
   90755156.2636286       -90759657.8735361        90756045.4053505     
   88689214.3266257       -88693706.7910402        88690185.5966527     
   86670299.1777032       -86674782.4965526        86671350.4986271     
   84697340.3564748       -84701814.5296903        84698469.6974108     
   82769291.7692073       -82773756.7967233        82770497.1462812     
   80885131.1341684       -80889587.0159160        80886410.6084096     
   79043859.4395987       -79048306.1755145        79045211.1156997     
   77244500.4140228       -77248938.0040459        77245922.4405318     
   75486100.0086170       -75490528.4526885        75487590.5755709     
   73767725.8913604       -73772145.1894221        73769283.2307272     
   72088466.9526999       -72092877.1046904        72090089.3363202     
   70447432.8224677       -70451833.8283304        70449118.5611965     
   68843753.3977956       -68848145.2574758        68845500.8414967     
   67276578.3817745       -67280961.0952213        67278385.9171633     
   65745076.8326159       -65749450.3997781        65746942.8841965     
   64248436.7230760       -64252801.1438995        64250359.7503418     
   62785864.5099074       -62790219.7843448        62787843.0074900     
   61356584.7131125       -61360930.8411161        61358617.2104189     
   59959839.5047733       -59964176.4862955        59961924.5641682     
   58594888.3072416       -58599216.1422367        58597024.5241305     
   57261007.4004740       -57265326.0888982        57263193.4019677     
   55957489.5383073       -55961799.0801184        55959723.9830173     
   54683643.5734659       -54687943.9686204        54685925.1505469     
   53438794.0911071       -53443085.3395647        53441121.5191558     
   52222281.0507070       -52226563.1524290        52224653.0780321     
   51033459.4360981       -51037732.3910449        51035874.8391600     
   49871698.9134738       -49875962.7216098        49874156.4964848     
   48736383.4971763       -48740638.1584648        48738882.0921298     
   47626911.2230934       -47631156.7374973        47629449.6879518     
   46542693.8294890       -46546930.1969768        46545271.0482658     
   45483156.4450988       -45487383.6656357        45485771.3279720     
   44447737.2843261       -44451955.3578795        44450388.7650146     
   43435887.3493758       -43440096.2759167        43438574.3870136     
   42447070.1391679       -42451269.9186654        42449791.7159316     
   41480761.3648783       -41484951.9973013        41483516.4866016     
   40536448.6719534       -40540630.1572747        40539236.3662539     
   39613631.3684531       -39617803.7066476        39616450.6860872     
   38711820.1595773       -38715983.3506159        38714670.1724270     
   37830536.8882354       -37834690.9320924        37833416.6891602     
   36969314.2815209       -36973459.1781730        36972222.9842541     
   36127695.7029573       -36131831.4523804        36130632.4414482     
   35305234.9103832       -35309361.5125523        35308198.8382770     
   34501495.8193491       -34505613.2742444        34504486.1090390     
   33716052.2718991       -33720160.5795000        33719068.1156664     
   32948487.8106172       -32952586.9709004        32951528.4182103     
   32198395.4578151       -32202485.4707624        32201460.0572462     
   31465377.4997480       -31469458.3653410        31468465.3367613     
   30749045.2757409       -30753116.9939610        30752155.6131108     
   30049018.9721162       -30053081.5429461        30052151.0893764     
   29364927.4208108       -29368980.8442342        29368080.6139678     
   28696407.9025784       -28700452.1785794        28699581.4836354     
   28043105.9546706       -28047141.0832338        28046299.2513141     
   27404675.1828964       -27408701.1640081        27407887.5379886     
   26780777.0779592       -26784793.9116056        26784007.8495731     
   26171080.8359745       -26175088.5221429        26174329.3964968     
   25575263.1830738       -25579261.7217522        25578528.9194501     
   24993008.2040000       -24996997.5951772        24996290.5168939     
   24424007.1746054       -24427987.4182706        24427305.4785773     
   23867958.3981618       -23871929.4943040        23871272.1208727     
   23324567.0453968       -23328528.9940084        23327895.6275015     
   22793544.9981717       -22797497.7992432        22796887.8935008     
   22274610.6967174       -22278554.3502407        22277967.3708290     
   21767488.9903475       -21771423.4963163        21770858.9216189     
   21271910.9915697       -21275836.3499770        21275293.6698408     
   20787613.9335188       -20791530.1443595        20791008.8603987     
   20314341.0306332       -20318248.0939011        20317747.7191889     
   19851841.3425044       -19855739.2581955        19855259.3164930     
   19399869.6408251       -19403758.4089358        19403298.4353941     
   18958186.2793656       -18962065.8998921        18961625.4397488     
   18526557.0669105       -18530427.5398506        18530006.1490057     
   18104753.1430872       -18108614.4684391        18108211.7127263     
   17692550.8570212       -17696403.0347842        17696018.4900237     
   17289731.6487534       -17293574.6789271        17293207.9305564     
   16896081.9333570       -16899915.8159411        16899566.4588725     
   16511392.9876913       -16515217.7226866        16514885.3609512     
   16135460.8397346       -16139276.4271433        16138960.6738517     
   15768086.1604351       -15771892.6002590        15771593.0774215     
   15409074.1580242       -15412871.4502658        15412587.7882986     
   15058234.4747354       -15062022.6193989        15061754.4572454     
   14715381.0858739       -14719160.0829629        14718907.0678591     
   14380332.2011837       -14384102.0507032        14383863.8376844     
   14052910.1684606       -14056670.8704165        14056447.1226375     
   13732941.3793579       -13736692.9337562        13736483.3218280     
   13420256.1773377       -13423998.5841853        13423802.7863665     
   13114688.7677159       -13118422.0270204        13118239.7287784     
   12816077.1297567       -12819801.2415262        12819632.1355663     
   12524262.9307660       -12527977.8950099        12527821.6809544     
   12239091.4421422       -12242797.2588698        12242653.6433072     
   11960411.4573364       -11964108.1265579        11963976.8225832     
   11688075.2116812       -11691762.7334081        11691643.4607650     
   11421938.3040433       -11425616.6782873        11425509.1630923     
   11161859.6202608       -11165528.8470342        11165432.8215771     
   10907701.2583222       -10911361.3376386        10911276.5403437     
   10659328.4552490       -10662979.3871222        10662905.5623851     
   10416609.5156425       -10420251.3000871        10420188.1980773     
   10179415.7418574       -10183048.3788889        10182995.7554636     
   9947621.36576427       -9951244.85539906        9951202.47200790     
   9721103.48206598       -9724717.82432104        9724685.44781438     
   9499741.98313140       -9503347.17802448        9503324.58057533     
   9283419.49531291       -9287015.54286243        9287002.50182266     
   9072021.31671327       -9075608.21693860        9075604.51470561     
   8865435.35636916       -8869013.10929025        8869018.53327155     
   8663552.07481907       -8667120.68045713        8667135.02278260     
   8466264.42602406       -8469823.88440089        8469846.94210047     
   8273467.80061047       -8277018.11174847        8277049.68630718     
   8085059.97040473       -8088601.13432756        8088641.03185170     
   7900941.03423053       -7904473.05096261        7904521.08191223     
   7721013.36493999       -7724536.23450646        7724592.21371596     
   7545181.55765037       -7548695.28007725        7548759.02652605     
   7373352.37915922       -7376856.95447363        7376928.29130316     
   7205434.71851083       -7208930.14674070        7209008.90110472     
   7041339.53868804       -7044825.81986218        7044911.82285335     
   6880979.82940360       -6884456.96355171        6884550.05010123     
   6724270.56096621       -6727738.54811918        6727838.55689267     
   6571128.63919662       -6574587.47938618        6574694.25277313     
   6421472.86136998       -6424922.55462888        6425035.93853848     
   6275223.87316113       -6278664.41952316        6278784.26343706     
   6132304.12656986       -6135735.52606960        6135861.68284642     
   5992637.83880392       -5996060.09147749        5996192.41731219     
   5856150.95209798       -5859564.05798204        5859702.41243888     
   5722771.09444728       -5726175.05357975        5726319.29925734     
   5592427.54123494       -5595822.35365508        5595972.35643782     
   5465051.17773294       -5468436.84348081        5468592.47218568     
   5340574.46245646       -5343950.98157374        5344112.10805596     
   5218931.39135259       -5222298.76388163        5222465.26293937     
   5100057.46280407       -5103415.68878854        5103587.43798477     
   4983889.64342964       -4987238.72291468        4987415.60267151     
   4870366.33466298       -4873706.26769473        4873888.16111855     
   4759427.34009229       -4762758.12671819        4762944.91958883     
   4651013.83354335       -4654335.47381209        4654527.05449697     
   4545068.32788914       -4548380.82185096        4548577.08124297     
   4441534.64456936       -4444837.99227556        4445038.82380653     
   4340357.88380386       -4343652.08530712        4343857.38474724     
   4241484.39548401       -4244769.45083861        4244979.11639837     
   4144861.75072671       -4148137.65998824        4148351.59215077     
   4050438.71407592       -4053705.47730155        4053923.57883147     
   3958165.21633694       -3961422.83358518        3961645.00945979     
   3867992.32802905       -3871240.79935994        3871466.95670677     
   3779872.23344246       -3783111.55891759        3783341.60698064     
   3693758.20528577       -3696988.38496836        3697222.23504853     
   3609604.57991056       -3612825.61386549        3613063.17928338     
   3527366.73309990       -3530578.62139364        3530819.81744989     
   3447001.05640805       -3450203.79910864        3450448.54301535     
   3368464.93403862       -3371658.53121599        3371906.74206362     
   3291716.72024914       -3294901.17197498        3295152.77070309     
   3216715.71726994       -3219891.02361763        3220145.93296555     
   3143422.15372565       -3146588.31477045        3146846.45921273     
   3071797.16354789       -3074954.17936697        3075215.48511529     
   3001802.76536795       -3004950.63604036        3005215.03096907     
   2933401.84237861       -2936540.56798533        2936807.98161644     
   2866558.12265426       -2869687.70327838        2869958.06671358     
   2801236.15991909       -2804356.59564561        2804629.84159463     
   2737401.31475298       -2740512.60566899        2740788.66831190     
   2675019.73622523       -2678121.88242006        2678400.69748124     
   2614058.34394636       -2617151.34551149        2617432.85013276     
   2554484.81052842       -2557568.66755755        2557852.80034960     
   2496267.54444460       -2499342.25703368        2499628.95796039     
   2439375.67327901       -2442441.24152639        2442730.45194133     
   2383779.02735765       -2386835.45136398        2387127.11393978     
   2329448.12375212       -2332495.40362051        2332789.46233024     
   2276354.15064733       -2279392.28648344        2279688.68656781     
   2224468.95206512       -2227497.94397712        2227796.63193087     
   2173765.01293559       -2176784.86103411        2177085.78455876     
   2124215.44450823       -2127226.14890669        2127529.25687552     
   2075793.97009516       -2078795.53090987        2079100.77336134     
   2028474.91113888       -2031467.32848878        2031774.65661424     
   1982233.17359714       -1985216.44760398        1985525.81367251     
   1937044.23463779       -1940018.36542627        1940329.72280521     
   1892884.12963641       -1895849.11733419        1896162.42043576     
   1849729.43946996       -1852685.28420779        1853000.48848198     
   1807557.27809966       -1810503.98001137        1810821.04191551     
   1766345.28043650       -1769282.83965911        1769601.71663432     
   1726071.59048298       -1729000.00715674        1729320.65760818     
   1686714.84974477       -1689634.12401330        1689956.50728028     
   1648254.18590614       -1651164.31791644        1651488.39427062     
   1610669.20176321       -1613570.19166579        1613895.92225553     
   1573939.96440904       -1576831.81235797        1577159.15923580     
   1538046.99466500       -1540929.70081796        1541258.62686387     
   1502971.25675259       -1505844.82127102        1506175.29023156     
   1468694.14820045       -1471558.57124957        1471890.54766297     
   1435197.48998108       -1438052.77173012        1438386.22094775     
   1402463.51687208       -1405309.65749415        1405644.54565361     
   1370474.86803678       -1373311.86770908        1373648.16169818     
   1339214.57781933       -1342042.43672327        1342380.10417981     
   1308666.06674922       -1311484.78507047        1311823.79436658     
   1278813.13275071       -1281622.71067931        1281963.03088700     
   1249639.94255220       -1252440.38028268        1252781.98117990     
   1221131.02329127       -1223922.32102268        1224265.17306103     
   1193271.25431072       -1196053.41224684        1196397.48654170     
   1166045.85914145       -1168818.87749082        1169164.14580672     
   1139440.39766772       -1142204.27664377        1142550.71137956     
   1113440.75847088       -1116195.49829206        1116543.07245946     
   1088033.15134723       -1090778.75223714        1091127.43945739     
   1063204.09999634       -1065940.56218375        1066290.33667301     
   1038940.43487571       -1041667.75859481        1042018.59512696     
   1015229.28621807       -1017947.47170856        1018299.34564497     
   992058.077207740       -994767.124714801        995120.011953587     
   969414.517312151       -972114.427086833        972468.304056310     
   947286.595765293       -949977.368064501        950332.211736742     
   925662.575199435       -928344.210286017        928699.998130890     
   904530.985421814       -907203.483564827        907560.193556476     
   883880.617332991       -886543.978807756        886901.589413497     
   863700.516983635       -866354.742071902        866713.232230452     
   843979.979766596       -846625.068756723        846984.417876809     
   824708.544741180       -827344.497928240        827704.685874186     
   805875.989086618       -808502.806772543        808863.813854687     
   787472.322681798       -790090.005175609        790451.812130861     
   769487.782808362       -772096.330426301        772458.918426492     
   751912.828974386       -754512.242040019        754875.592665732     
   734738.137855890       -737328.416700368        737692.511934242     
   717954.598353481       -720535.743315674        720900.565540993     
   701553.306761532       -704125.318188202        704490.850168554     
   685525.562047320       -688088.440293313        688454.665172721     
   669862.861237618       -672416.606666054        672783.507952167     
   654556.894910311       -657101.507892761        657469.069456647     
   639599.542788633       -642135.023705329        642503.229762171     
   624982.869435678       -627509.218675715        627878.053788661     
   610699.120046939       -613216.338008441        613585.787071091     
   596740.716338599       -599248.803428982        599618.851659293     
   583100.252529430       -585599.209165583        585969.842103187     
   569770.491414146       -572260.318022646        572631.521513957     
   556744.360526143       -559225.057543535        559596.817735917     
   544014.948387584       -546486.516260534        546858.819604948     
   531575.500844841       -534037.940030380        534410.773256608     
   519419.417487354       -521872.728453185        522246.078575635     
   507540.248148005       -509984.431372686        510358.285681857     
   495931.689483156       -498366.745456361        498741.091507154     
   484587.581630530       -487013.510853325        487388.336463157     
   473501.904943174       -475918.707928277        476294.001167307     
   462668.776797758       -465076.454069777        465452.203260873     
   452082.448475536       -454481.000571274        454857.194271638     
   441737.302114293       -444126.729583021        444503.356594206     
   431627.847729687       -434008.151133418        434385.200479307     
   421748.720304381       -424119.900218188        424497.361152460     
   412094.676943443       -414456.733955747        414834.595945970     
   402660.594094490       -405013.528807375        405391.781537625     
   393441.464831119       -395785.277860630        396163.911220382     
   384432.396198164       -386767.088174639        387146.092256181     
   375628.606617385       -377954.178185792        378333.543277034     
   367025.423352217       -369341.875172478        369721.591755186     
   358618.280030221       -360925.612777564        361305.671517066     
   350402.714221930       -352700.928587240        353081.320333837     
   342374.365074815       -344663.461764998        345044.177542211     
   334528.971001100       -336808.950739432        337189.981748104     
   326862.367418214       -329133.230944735        329514.568546393     
   319370.484540671       -321632.232612574        322013.868338213     
   312049.345222219       -314301.978614249        314683.904146092     
   304895.062847105       -307138.582351933        307520.789535984     
   297903.839269337       -300138.245697977        300520.726519618     
   291071.962798858       -293297.256981143        293680.003577077     
   284395.806233562       -286611.989018510        286994.993666194     
   277871.824936099       -280078.897192391        280462.152303915     
   271496.554954462       -273694.517570871        274078.015696362     
   265266.611185360       -267455.465071220        267839.198884334     
   259178.685579381       -261358.431665078        261742.393969106     
   253229.545387032       -255400.184624451        255784.368343002     
   247416.031444684       -249577.564807724        249961.962982024     
   241735.056499547       -243887.484984626        244272.090770091     
   236183.603572763       -238326.928199332        238711.734862447     
   230758.724359769       -232892.946170834        233277.947085207     
   225457.537667066       -227582.657729728        227967.846372156     
   220277.227884569       -222393.247290584        222778.617238121     
   215215.043492738       -217321.963359071        217707.508286079     
   210268.295603681       -212366.117073087        212751.830746658     
   205434.356535476       -207523.080777087        207908.957055334     
   200710.658418937       -202790.286628872        203176.319455424     
   196094.691836093       -198165.225238066        198551.408642697     
   191584.004489667       -193645.444335619        194031.772426196     
   187176.199902832       -189228.547473575        189615.014438070     
   182868.936148570       -184912.192754443        185298.792853162     
   178659.924607950       -180694.091589496        181080.819156076     
   174546.928756673       -176572.007485336        176958.856919465     
   170527.762979235       -172543.754858049        172930.720629118     
   166600.291410092       -168607.197874396        168994.274510581     
   162762.426801187       -164760.249319377        165147.431411439     
   159012.129415272       -161000.869489542        161388.151683782     
   155347.405944408       -157327.065111522        157714.442109379     
   151766.308453087       -153736.888285166        154124.354839362     
   148266.933345415       -150228.435450723        150615.986363872     
   144847.420355798       -146799.846379582        147187.476498228     
   141505.951562604       -143449.303187933        143837.007404115     
   138240.750424281       -140175.029372879        140562.802619473     
   135050.080837408       -136975.288870556        137363.126116801     
   131932.246216194       -133848.385135613        134236.281388853     
   128885.588592922       -130792.660241683        131180.610540861     
   125908.487738879       -127806.494002349        128194.493416813     
   122999.360305285       -124888.303112072        125276.346740749     
   120156.658983782       -122036.540306712        122424.623272189     
   117378.871686034       -119249.693543154        119637.810992392     
   114664.520741998       -116526.285197591        116914.432297110     
   112012.162116441       -113864.871282060        114253.043217984     
   109420.384643297       -111264.040678838        111652.232650936     
   106887.809277450       -108722.414392239        109110.621615104     
   104413.088363546       -106238.644817438        106626.862515884     
   101994.904921446       -103811.415025972        104199.638433131     
   99631.9719479521       -101439.438067467        101827.662422913     
   97323.0317344198       -99121.4562872904        99509.6768337095     
   95066.8551999046       -96856.2406597153        97244.4526416741     
   92862.2412394894       -94642.5901362782        95030.7887965182     
   90708.0160874434       -92479.3310089656        92867.5115872217     
   88603.0326948775       -90365.3162878908        90753.4740177837     
   86546.1701215652       -88299.4250931397        88687.5552008011     
   84536.3329416062       -86280.5620604704        86668.6597605506     
   82572.4506626191       -84307.6567605351        84695.7172553704     
   80653.4771581532       -82379.6631313164        82767.6816074863     
   78778.3901130202       -80495.5589234839        80883.5305509848     
   76946.1904812508       -78654.3451583855        79042.2650863091     
   75155.9019563892       -76855.0455983798        77242.9089539804     
   73406.5704538439       -75096.7062292054        75484.5081151616     
   71697.2636050217       -73378.3947541559        73766.1302458452     
   70027.0702629752       -71699.2000997571        72086.8642435186     
   68395.1000193028       -70058.2319326891        70445.8197437898     
   66800.4827320450       -68454.6201877363        68842.1266458630     
   65242.3680643249       -66887.5146064534        67274.9346563213     
   63719.9250334917       -65356.0842863303        65743.4128334373     
   62232.3415705246       -63859.5172402507        64246.7491486872     
   60778.8240894657       -62397.0199659515        62784.1500566557     
   59358.5970666532       -60967.8170252928        61354.8400729405     
   57970.9026295309       -59571.1506331053        59958.0613644042     
   56615.0001548175       -58206.2802553951        58593.0733461485     
   55290.1658758213       -56872.4822167038        57259.1522892575     
   53995.6924986926       -55569.0493163908        55955.5909381615     
   52730.8888274106       -54295.2904536640        54681.6981333555     
   51495.0793973057       -53050.5302611431        53436.7984475749     
   50287.6041169229       -51834.1087467637        52220.2318250971     
   49107.8179180365       -50645.3809438293        51031.3532347752     
   47955.0904136303       -49483.7165690362        49869.5323244725     
   46828.8055636620       -48348.4996882867        48734.1530901169     
   45728.3613484357       -47239.1283900931        47624.6135473480     
   44653.1694494072       -46155.0144664361        46540.3254124001     
   43602.6549372545       -45095.5831008746        45480.7137913137     
   42576.2559670481       -44060.2725637645        44445.2168733308     
   41573.4234803584       -43048.5339144124        43433.2856350409     
   40593.6209141428       -42059.8307100044        42444.3835478506     
   39636.3239162595       -41093.6387211720        41477.9862939581     
   38701.0200674540       -40149.4456540249        40533.5814886962     
   37787.2086096747       -39226.7508785116        39610.6684085898     
   36894.4001805706       -38325.0651629687        38708.7577256581     
   36022.1165540317       -37443.9104147173        37827.3712480276     
   35169.8903866344       -36582.8194265439        36966.0416680436     
   34337.2649698573       -35741.3356289765        36124.3123108568     
   33523.7939879361       -34919.0128481948        35301.7368965079     
   32729.0412812291       -34115.4150694335        34497.8793006385     
   31952.5806149685       -33330.1162057984        33712.3133236808     
   31193.9954532732       -32562.6998723297        32944.6224658961     
   30452.8787383061       -31812.7591652056        32194.3997058286     
   29728.8326744558       -31079.8964459848        31461.2472842174     
   29021.4685174302       -30363.7231307538        30744.7764940130     
   28330.4063681501       -29663.8594840720        30044.6074737136     
   27655.2749713323       -28979.9344176129        29360.3690059854     
   26995.7115186567       -28311.5852933836        28691.6983215448     
   26351.3614564128       -27658.4577314304        28038.2409054929     
   25721.8782975230       -27020.2054219177        27399.6503111814     
   25106.9234378435       -26396.4899414837        26775.5879748424     
   24506.1659766458       -25786.9805737817        26165.7230374260     
   23919.2825411828       -25191.3541340987        25569.7321685721     
   23345.9571152475       -24609.2947979769        24987.2993950225     
   22785.8808716322       -24040.4939337280        24418.1159340025     
   22238.7520084003       -23484.6499387612        23861.8800286193     
   21704.2755888845       -22941.4680796423        23318.2967884430     
   21182.1633853242       -22410.6603357859        22787.0780332207     
   20672.1337260623       -21891.9452467127        22267.9421396643     
   20173.9113462183       -21385.0477627796        21760.6138928995     
   19687.2272417587       -20889.6990993069        21264.8243399713     
   19211.8185268890       -20405.6365940274        20780.3106478561     
   18747.4282946894       -19932.6035677847        20306.8159631839     
   18293.8054809223       -19470.3491883915        19844.0892780344     
   17850.7047309381       -19018.6283375935        19391.8852944072     
   17417.8862696098       -18577.2014810637        18949.9642965531     
   16995.1157742263       -18145.8345413502        18518.0920220554     
   16582.1642502785       -17724.2987737163        18096.0395395940     
   16178.8079100713       -17312.3706448072        17683.5831255964     
   15784.8280540969       -16909.8317140821        17280.5041474343     
   15400.0109551081       -16516.4685179354        16886.5889466316     
   15024.1477448287       -16132.0724564619        16501.6287260294     
   14657.0343032415       -15756.4396827970        16125.4194389036     
   14298.4711503954       -15389.3709949749        15757.7616812209     
   13948.2633406737       -15030.6717302431        15398.4605859332     
   13606.2203594691       -14680.1516617890        15047.3257192590     
   13272.1560222080       -14337.6248978110        14704.1709807055     
   12945.8883756740       -14002.9097828855        14368.8145036483     
   12627.2396015749       -13675.8288015791        14041.0785597270     
   12316.0359223047       -13356.2084842521        13720.7894641264     
   12012.1075088501       -13043.8793150060        13407.7774840753     
   11715.2883907912       -12738.6756417234        13101.8767485754     
   11425.4163683513       -12440.4355881527        12802.9251610755     
   11142.3329264468       -12149.0009679931        12510.7643131004     
   10865.8831506938       -11864.2172009337        12225.2394008069     
   10595.9156453251       -11585.9332305982        11946.1991429633     
   10332.2824529751       -11314.0014443591        11673.4957005781     
   10074.8389762910       -11048.2775949717        11406.9845992289     
   9823.44390132619       -10788.6207239881        11146.5246520613     
   9577.95912267851       -10534.8930869145        10891.9778854275     
   9338.24967033129       -10286.9600800675        10643.2094656362     
   9104.18363815964       -10044.6901690918        10400.0876279521     
   8875.63211406400       -9807.95481910036        10162.4836065896     
   8652.46911169379       -9576.62842640476        9930.27156666769     
   8434.57150372516       -9350.58825179070        9703.32853799741     
   8221.81895665774       -9129.71435531186        9481.53434944880     
   8014.09386709544       -8913.88953256427        9264.77156595607     
   7811.28129947817       -8702.99925240371        9052.92542619678     
   7613.26892523114       -8496.93159607838        8845.88378196858     
   7419.94696329982       -8295.57719774171        8643.53703894433     
   7231.20812203901       -8098.82918631538        8445.77809863442     
   7046.94754242532       -7906.58312866853        8252.50230210243     
   6867.06274256318       -7718.73697408605        8063.60737428018     
   6691.45356345487       -7535.19099999662        7878.99337023923     
   6520.02211600607       -7355.84775892800        7698.56262231070     
   6352.67272923889       -7180.61202666532        7522.21968848042     
   6189.31189968507       -7009.39075158288        7349.87130206868     
   6029.84824193253       -6842.09300512332        7181.42632237835     
   5874.19244029930       -6678.62993339675        7016.79568678262     
   5722.25720160924       -6518.91470987539        6855.89236347134     
   5573.95720904461       -6362.86248915859        6698.63130573973     
   5429.20907705124       -6210.39036178108        6544.92940708108     
   5287.93130727234       -6061.41731004537        6394.70545713914     
   5150.04424548796       -5915.86416485045        6247.88009922442     
   5015.47003953704       -5773.65356349502        6104.37578813664     
   4884.13259820019       -5634.70990843507        5964.11674946449     
   4755.95755102134       -5498.95932697043        5827.02893958580     
   4630.87220904709       -5366.32963184130        5693.04000663238     
   4508.80552646316       -5236.75028271481        5562.07925221781     
   4389.68806310747       -5110.15234853738        5434.07759450412     
   4273.45194784050       -4986.46847073655        5308.96753135463     
   4160.03084275316       -4865.63282725193        5186.68310516605     
   4049.35990819367       -4747.58109737488        5067.15986778062     
   3941.37576859483       -4632.25042738109        4950.33484672165     
   3836.01647908370       -4519.57939693442        4836.14651194622     
   3733.22149285612       -4409.50798624754        4724.53474337732     
   3632.93162929891       -4301.97754398039        4615.44079927062     
   3535.08904284279       -4196.93075585991        4508.80728520645     
   3439.63719252982       -4094.31161400405        4404.57812392354     
   3346.52081227917       -3994.06538693568        4302.69852555896     
   3255.68588183556       -3896.13859026910        4203.11495899178     
   3167.07959838509       -3800.47895805350        4105.77512343470     
   3080.65034882347       -3707.03541476040        4010.62792090117     
   2996.34768266199       -3615.75804789859        3917.62342924708     
   2914.12228555701       -3526.59808124317        3826.71287577821     
   2833.92595344885       -3439.50784866475        3737.84861151823     
   2755.71156729660       -3354.44076854515        3650.98408599411     
   2679.43306839537       -3271.35131876632        3566.07382267083     
   2605.04543426292       -3190.19501225945        3483.07339484551     
   2532.50465508302       -3110.92837310243        3401.93940213647     
   2461.76771069301       -3033.50891315214        3322.62944753224     
   2392.79254810329       -2957.89510920085        3245.10211481927     
   2325.53805953698       -2884.04638064455        3169.31694669520     
   2259.96406097793       -2811.92306765125        3095.23442321954     
   2196.03127121581       -2741.48640981953        3022.81594078509     
   2133.70129137706       -2672.69852531473        2952.02379166157     
   2072.93658493084       -2605.52239047425        2882.82114370001     
   2013.70045815928       -2539.92181987044        2815.17202088753     
   1955.95704108166       -2475.86144682079        2749.04128393800     
   1899.67126882226       -2413.30670433712        2684.39461156955     
   1844.80886341192       -2352.22380650242        2621.19848208448     
   1791.33631601360       -2292.57973026798        2559.42015528222     
   1739.22086956232       -2234.34219766056        2499.02765493065     
   1688.43050181011       -2177.47965839084        2439.98975143792     
   1638.93390876697       -2121.96127285545        2382.27594500138     
   1590.70048852869       -2067.75689552327        2325.85644907275     
   1543.70032548288       -2014.83705869880        2270.70217414469     
   1497.90417488464       -1963.17295665399        2216.78471196485     
   1453.28344779342       -1912.73643012097        2164.07631996643     
   1409.81019636284       -1863.49995113877        2112.54990609699     
   1367.45709947544       -1815.43660824577        2062.17901395358     
   1326.19744871449       -1768.52009201156        2012.93780817443     
   1286.00513466510       -1722.72468090094        1964.80106019264     
   1246.85463353698       -1678.02522746328        1917.74413422109     
   1208.72099410170       -1634.39714484077        1871.74297357361     
   1171.57982493680       -1591.81639358879        1826.77408723200     
   1135.40728196995       -1550.25946880282        1782.81453665172     
   1100.18005631607       -1509.70338754515        1739.84192291274     
   1065.87536240048       -1470.12567656557        1697.83437404643     
   1032.47092636153       -1431.50436031013        1656.77053266929     
   999.944974726090       -1393.81794921259        1616.62954380982     
   968.276223351343       -1357.04542826285        1577.39104301957     
   937.443866626783       -1321.16624584641        1539.03514471202     
   907.427566930045       -1286.16030285042        1501.54243068340     
   878.207444330587       -1252.00794203047        1464.89393893185     
   849.764066535255       -1218.68993763276        1429.07115265875     
   822.078439069910       -1186.18748526771        1394.05598943398     
   795.131995691381       -1154.48219202900        1359.83079070567     
   768.906589024159       -1123.55606685346        1326.37831137116     
   743.384481416322       -1093.39151111765        1293.68170965426     
   718.548336009320       -1063.97130946568        1261.72453713150     
   694.381208016325       -1035.27862086420        1230.49072898741     
   670.866536203982       -1007.29696987966        1199.96459443791     
   647.988134572492       -980.010238173881        1170.13080736096     
   625.730184229040       -953.402656212980        1140.97439712063     
   604.077225449725       -927.458795185786        1112.48073955428     
   583.014149925207       -902.163559127028        1084.63554819743     
   562.526193185391       -877.502177241473        1057.42486560370     
   542.598927198594       -853.460196424753        1030.83505494133     
   523.218253140708       -830.023473976360        1004.85279170571     
   504.370394329961       -807.178170501179        979.465055629595     
   486.041889323008       -784.910742995355        954.659122762380     
   468.219585168140       -763.207938112383        930.422557737188     
   450.890630811504       -742.056785605463        906.743206192710     
   434.042470652338       -721.444591942289        883.609187374858     
   417.662838243271       -701.358934088203        861.008886910376     
   401.739750131883       -681.787653453882        838.930949742708     
   386.261499839752       -662.718850003759        817.364273234506     
   371.216651975364       -644.140876521261        796.298000444299     
   356.594036477286       -626.042333027039        775.721513561021     
   342.382742984147       -608.412061346534        755.624427498748     
   328.572115328021       -591.239139823037        735.996583663703     
   315.151746147907       -574.512878172482        716.828043877450     
   302.111471620081       -558.222812476861        698.109084412495     
   289.441366302186       -542.358700309957        679.830190463559     
   277.131738088001       -526.910516001949        661.982049614870     
   265.173123269926       -511.868446001421        644.555549911511     
   253.556281706279       -497.222884472199        627.541761391660     
   242.272192090618       -482.964428595697        610.931980133487     
   231.312047320344       -469.083875537370        594.717539665902     
   220.667249961945       -455.572213751330        578.890491338115     
   210.329407885196       -442.420626192321        563.441889690880     
   200.290329727797       -429.620486241363        548.364139967242     
   190.542020757320       -417.163341118259        533.649737479121     
   181.076678803442       -405.040921384417        519.290262065491     
   171.886689999355       -393.245135223318        505.278705829692     
   162.964624889381       -381.768058965642        491.607471588562     
   154.303234498726       -370.601937928590        478.269478542568     
   145.895446542928       -359.739179266133        465.257750527801     
   137.734361744376       -349.172347578232        452.565588123423     
   129.813250290158       -338.894157259931        440.186679714466     
   122.125548502907       -328.897461330536        428.115296165673     
   114.664855840572       -319.175233162506        416.346712870302     
   107.424932467033       -309.720533507020        404.878064815659     
   100.399697880432       -300.526448479569        393.710013898600     
   93.5832315796803       -291.585967234454        382.850320164032     
   86.9697777893282       -282.891738972993        372.320751507916     
   80.5537584576816       -274.435560570803        362.173572104186     
   74.3298034525360       -266.207350504074        352.519673480115     
   68.2928171325233       -258.192785549651        343.616593432117     
   62.4381230885440       -250.368856089032        335.961284877263     
   56.7617792388883       -242.691628441116        330.874235883727     
   51.2612680430540       -235.078571533151        330.387485225249     
   45.9370145771534       -227.334753574127        342.231996468164     
   40.7957012327599       -219.123788880510        370.963335039939     
   35.8538889379974       -209.883838530631        431.608554962521     
   31.1439162098326       -198.855949789104        526.261690535187     
   26.7136762367889       -185.555544180017        628.996862085127     
   22.6156943911719       -170.049776378210        717.817016714406     
   18.8955287288601       -152.858846726890        775.368160556649     
   15.5831728529093       -134.770426094160        795.772092871141     
   12.6896196993619       -116.617062907828        781.008999090785     
   10.2076560139366       -99.1285124376925        738.027194042534     
   8.11525603976893       -82.8551560154050        675.458585206329     
   6.37996947833171       -68.1538057612612        601.484473174006     
   4.96317164495374       -55.2094786880275        522.845490797246     
   3.82362044278927       -44.0707634730639        444.651019872854     
   2.92017913899056       -34.6855789925702        370.535746431645     
   2.21376456225451       -26.9323782293807        302.898715276613     
   1.66863868106871       -20.6460425161458        243.125467053241     
   1.25316052451694       -15.6389615710603        191.784057925470     
  0.940103578366311       -11.7177436925551        148.808599469571     
  0.706636533190133       -8.69576975701118        113.676721462862     
  0.534061005523448       -6.40179192043682        85.5756617436592     
  0.407393366604363       -4.68495935987830        63.5465197368208     
  0.314866397942109       -3.41687320070739        46.5980445643424     
  0.247410808420227       -2.49141050333319        33.7866239710407     
  0.198159199312443       -1.82307249493511        24.2644778476587     
  0.161998530491478       -1.34452381429917        17.3017324167955     
  0.135183451863769       -1.00383813107587        12.2898500406681     
  0.115012998842086      -0.761790798783759        8.73411411410549     
  9.956723197333234E-002 -0.589377003189916        6.24155789197474     
  8.749774785087495E-002 -0.465617690556422        4.50803942019851     
  7.786528614662178E-002 -0.375662830315519        3.30534046440196     
  7.001755985343375E-002 -0.309195745157562        2.46791719805694     
  6.350029828904311E-002 -0.259144676800330        1.87946336212472     
  5.799446983842243E-002 -0.220694042324774        1.46031631355789     
  5.327310417162551E-002 -0.190563345064937        1.15680279761106     
  4.917210941311755E-002 -0.166503312436863       0.933025083345515     
  4.557071837096615E-002 -0.146954500402426       0.764963155518466     
  4.237839693839696E-002 -0.130820237775967       0.636441090131390     
  3.952603117950538E-002 -0.117316836118513       0.536449475219704     
  3.695993560139276E-002 -0.105874775470096       0.457395285022282     
  3.463772684389239E-002 -9.607314164724481E-002  0.393963811557812     
  3.252544034784017E-002 -8.759570353414305E-002  0.342377107081476     
  3.059548433724515E-002 -8.020112876168514E-002  0.299907496858419     
  2.882516515250197E-002 -7.370251107677518E-002  0.264555263252639     
  2.719560792747913E-002 -6.795309610554276E-002  0.234832575983001     
  2.569095479264038E-002 -6.283618382462448E-002  0.209616777614160     
  2.429776073227813E-002 -5.825788247834422E-002  0.188049424621790     
  2.300453222417164E-002 -5.414183552589973E-002  0.169465871118479     
  2.180137045273046E-002 -5.042533234339775E-002  0.153345493708820     
  2.067969212968432E-002 -4.705640240349414E-002  0.139276042854938     
  1.963200863865003E-002 -4.399161757465490E-002  0.126927785022200     
  1.865174953599454E-002 -4.119441071469870E-002  0.116034515781981     
  1.773312016550298E-002 -3.863377525778790E-002  0.106379454038454     
  1.687098578686140E-002 -3.628324920071219E-002  9.778464519310404E-002
  1.606077651502309E-002 -3.412011371417103E-002  9.010291588968390E-002
  1.529840874524515E-002 -3.212475540510683E-002  8.321170471959353E-002
  1.458021975029560E-002 -3.028015458510628E-002  7.700828676849802E-002
  1.390291288720382E-002 -2.857147145432757E-002  7.140604423517576E-002
  1.326351141387562E-002 -2.698570903254675E-002  6.633152964261350E-002
  1.265931934202811E-002 -2.551143673557997E-002  6.172213503648862E-002
  1.208788807842117E-002 -2.413856224050335E-002  5.752422847500989E-002
  1.154698785717940E-002 -2.285814207752051E-002  5.369165378521194E-002
  1.103458316083527E-002 -2.166222349014938E-002  5.018451487495154E-002
  1.054881148024302E-002 -2.054371170277750E-002  4.696818456491880E-002
  1.008796488377672E-002 -1.949625795732907E-002  4.401249177451133E-002
  9.650473961707394E-003 -1.851416462391181E-002  4.129105130890628E-002
  9.234893787954671E-003 -1.759230442302694E-002  3.878070835719818E-002
  8.839891602756059E-003 -1.672605137018654E-002  3.646107579888892E-002
  8.464235969409395E-003 -1.591122150517059E-002  3.431414701439055E-002
  8.106787198588504E-003 -1.514402182581367E-002  3.232397043814115E-002
  7.766488866711476E-003 -1.442100613128145E-002  3.047637485481634E-002
  7.442360281934706E-003 -1.373903670827530E-002  2.875873659283781E-002
  7.133489773709912E-003 -1.309525097771390E-002  2.715978146933647E-002
  6.839028700383657E-003 -1.248703236854411E-002  2.566941568132664E-002
  6.558186084762176E-003 -1.191198480668592E-002  2.427858090805941E-002
  6.290223800474411E-003 -1.136791030632812E-002  2.297912974187341E-002
  6.034452242805978E-003 -1.085278923227195E-002  2.176371825306053E-002
  5.790226426809560E-003 -1.036476286921328E-002  2.062571304687787E-002
  5.556942463220635E-003 -9.902117989500865E-003  1.955911062110194E-002
  5.334034369261390E-003 -9.463273157161733E-003  1.855846719822672E-002
  5.120971176995701E-003 -9.046766544578018E-003  1.761883750603800E-002
  4.917254306664029E-003 -8.651245070524113E-003  1.673572122513239E-002
  4.722415176510088E-003 -8.275454695425176E-003  1.590501602643192E-002
  4.536013024119660E-003 -7.918231732596903E-003  1.512297628665808E-002
  4.357632917314880E-003 -7.578495053591691E-003  1.438617671176206E-002
  4.186883935259536E-003 -7.255239082195015E-003  1.369148021220847E-002
  4.023397502693767E-003 -6.947527485606887E-003  1.303600947096435E-002
  3.866825862181735E-003 -6.654487483260675E-003  1.241712172821089E-002
  3.716840670967121E-003 -6.375304703938319E-003  1.183238637221163E-002
  3.573131710524368E-003 -6.109218530601522E-003  1.127956498597320E-002
  3.435405698199826E-003 -5.855517879884224E-003  1.075659354638414E-002
  3.303385191481896E-003 -5.613537369688556E-003  1.026156651483858E-002
  3.176807576445169E-003 -5.382653833939504E-003  9.792722592786426E-003
  3.055424132798995E-003 -5.162283148415208E-003  9.348431946501329E-003
  2.938999168752063E-003 -4.951877335794245E-003  8.927184729829568E-003
  2.827309219594795E-003 -4.750921921735029E-003  8.527580757070668E-003
  2.720142304512700E-003 -4.558933517007120E-003  8.148320195477236E-003
  2.617297236685970E-003 -4.375457603495374E-003  7.788195164584638E-003
  2.518582982212517E-003 -4.200066504350061E-003  7.446082142166659E-003
  2.423818063820513E-003 -4.032357520706499E-003  7.120935090233650E-003
  2.332830005719058E-003 -3.871951219288148E-003  6.811779223466414E-003
  2.245454816277100E-003 -3.718489856875441E-003  6.517705352772285E-003
  2.161536505526340E-003 -3.571635929087413E-003  6.237864744059613E-003
  2.080926634757603E-003 -3.431070832223240E-003  5.971464439201765E-003
  2.003483895725765E-003 -3.296493628058995E-003  5.717762992498129E-003
  1.929073717199073E-003 -3.167619902514574E-003  5.476066580753018E-003
  1.857567896787202E-003 -3.044180710008369E-003  5.245725450454740E-003
  1.788844256161458E-003 -2.925921596122966E-003  5.026130668584984E-003
  1.722786317941848E-003 -2.812601691922149E-003  4.816711148257603E-003
  1.659283002671791E-003 -2.703992873896416E-003  4.616930922664466E-003
  1.598228344432906E-003 -2.599878984087796E-003  4.426286644008928E-003
  1.539521223772209E-003 -2.500055105454123E-003  4.244305286547912E-003
  1.483065116722073E-003 -2.404326887990446E-003  4.070542034834104E-003
  1.428767858791883E-003 -2.312509921535946E-003  3.904578340422938E-003
  1.376541422899735E-003 -2.224429151563700E-003  3.746020131724324E-003
  1.326301710293853E-003 -2.139918334581323E-003  3.594496163592068E-003
  1.277968353587596E-003 -2.058819530069649E-003  3.449656494082094E-003
  1.231464531099486E-003 -1.980982626155172E-003  3.311171077616054E-003
  1.186716791751461E-003 -1.906264896455748E-003  3.178728464143746E-003
  1.143654889834895E-003 -1.834530585756755E-003  3.052034595797551E-003
  1.102211629005607E-003 -1.765650522375476E-003  2.930811692129542E-003
  1.062322714916240E-003 -1.699501755249965E-003  2.814797217333038E-003
  1.023926615937760E-003 -1.635967213951727E-003  2.703742921882770E-003
  9.869644314615081E-004 -1.574935389970493E-003  2.597413953225308E-003
  9.513797673097440E-004 -1.516300037751678E-003  2.495588029391791E-003
  9.171186178161292E-004 -1.459959894092114E-003  2.398054670805208E-003
  8.841292541684427E-004 -1.405818414608686E-003  2.304614485541015E-003
  8.523621186342155E-004 -1.353783526096447E-003  2.215078503922233E-003
  8.217697243161413E-004 -1.303767393686236E-003  2.129267558457233E-003
  7.923065601082274E-004 -1.255686201794968E-003  2.047011705884580E-003
  7.639290005459486E-004 -1.209459947939411E-003  1.968149687820890E-003
  7.365952202642112E-004 -1.165012248555316E-003  1.892528427340541E-003
  7.102651127959650E-004 -1.122270156027368E-003  1.820002558636707E-003
  6.849002134618859E-004 -1.081163986195531E-003  1.750433987392193E-003
  6.604636261178389E-004 -1.041627155657078E-003  1.683691479566677E-003
  6.369199535419209E-004 -1.003596028233549E-003  1.619650276552952E-003
  6.142352312568714E-004 -9.670097700176052E-004  1.558191734781428E-003
  5.923768645966200E-004 -9.318102124570242E-004  1.499202988017825E-003
  5.713135688377855E-004 -8.979417229712708E-004  1.442576630794376E-003
  5.510153122281458E-004 -8.653510826321396E-004  1.388210421401286E-003
  5.314532617544971E-004 -8.339873704725743E-004  1.336007003178963E-003
  5.125997315020138E-004 -8.038018540179946E-004  1.285873642745798E-003
  4.944281334662233E-004 -7.747478856626541E-004  1.237721984077431E-003
  4.769129306871146E-004 -7.467808045387593E-004  1.191467817332200E-003
  4.600295925827214E-004 -7.198578435504725E-004  1.147030861409336E-003
  4.437545523668323E-004 -6.939380412667345E-004  1.104334559360833E-003
  4.280651664422415E-004 -6.689821583869558E-004  1.063305885781507E-003
  4.129396756674018E-004 -6.449525985129917E-004  1.023875165383780E-003
  3.983571684001893E-004 -6.218133329778617E-004  9.859759020564517E-004
  3.842975452281009E-004 -5.995298294980414E-004  9.495446176951119E-004
  3.707414852993783E-004 -5.780689844313149E-004  9.145207001968849E-004
  3.576704141744157E-004 -5.573990584357661E-004  8.808462600462142E-004
  3.450664731213629E-004 -5.374896153388972E-004  8.484659949011767E-004
  3.329124897840900E-004 -5.183114640375815E-004  8.173270617522504E-004
  3.211919501546863E-004 -4.998366032608117E-004  7.873789561041455E-004
  3.098889717864037E-004 -4.820381690377939E-004  7.585733978107876E-004
  2.989882781864739E-004 -4.648903847233998E-004  7.308642231109178E-004
  2.884751743315303E-004 -4.483685134422320E-004  7.042072825144763E-004
  2.783355232514589E-004 -4.324488128208356E-004  6.785603441703818E-004
  2.685557236304180E-004 -4.171084918855241E-004  6.538830023957687E-004
  2.591226883765029E-004 -4.023256700106033E-004  6.301365910515917E-004
  2.500238241141019E-004 -3.880793378085604E-004  6.072841014899824E-004
  2.412470115554161E-004 -3.743493198603145E-004  5.852901047811782E-004
  2.327805867098892E-004 -3.611162391893855E-004  5.641206780118344E-004
  2.246133228924452E-004 -3.483614833896368E-004  5.437433343590446E-004
  2.167344134934477E-004 -3.360671723213712E-004  5.241269567909260E-004
  2.091334554752046E-004 -3.242161272953538E-004  5.052417351263401E-004
  2.018004335616362E-004 -3.127918416691110E-004  4.870591063064422E-004
  1.947257050894192E-004 -3.017784527840144E-004  4.695516976639720E-004
  1.878999854905177E-004 -2.911607151756708E-004  4.526932730560868E-004
  1.813143343775229E-004 -2.809239749939520E-004  4.364586816634689E-004
  1.749601422046465E-004 -2.710541455725474E-004  4.208238093450136E-004
  1.688291174785613E-004 -2.615376840911393E-004  4.057655323790682E-004
  1.629132744945524E-004 -2.523615692765922E-004  3.912616734746275E-004
  1.572049215746468E-004 -2.435132800922320E-004  3.772909599357487E-004
  1.516966497855272E-004 -2.349807753672776E-004  3.638329838364791E-004
  1.463813221151105E-004 -2.267524743209525E-004  3.508681641350782E-004
  1.412520630876902E-004 -2.188172379381344E-004  3.383777105960841E-004
  1.363022487985091E-004 -2.111643511559972E-004  3.263435894264258E-004
  1.315254973495352E-004 -2.037835058228758E-004  3.147484905647739E-004
  1.269156596690868E-004 -1.966647843928522E-004  3.035757964883637E-004
  1.224668106987664E-004 -1.897986443214814E-004  2.928095525057710E-004
  1.181732409319449E-004 -1.831759031296324E-004  2.824344384329123E-004
  1.140294482887651E-004 -1.767877241044417E-004  2.724357415771734E-004
  1.100301303133494E-004 -1.706256026077555E-004  2.627993309884691E-004
  1.061701766795415E-004 -1.646813529639597E-004  2.535116328827089E-004
  1.024446619921532E-004 -1.589470959006340E-004  2.445596072007130E-004
  9.884883887128050E-005 -1.534152465167228E-004  2.359307252298007E-004
  9.537813130782062E-005 -1.480785027541756E-004  2.276129482513742E-004
  9.202812827886383E-005 -1.429298343502651E-004  2.195947071422081E-004
  8.879457761214173E-005 -1.379624722488985E-004  2.118648829055685E-004
  8.567338008920439E-005 -1.331698984502762E-004  2.044127880655920E-004
  8.266058377745941E-005 -1.285458362793297E-004  1.972281488983297E-004
  7.975237858164736E-005 -1.240842410542643E-004  1.903010884480322E-004
  7.694509100574633E-005 -1.197792911374896E-004  1.836221102969985E-004
  7.423517911669695E-005 -1.156253793520414E-004  1.771820830496080E-004
  7.161922770171850E-005 -1.116171047474396E-004  1.709722254966917E-004
  6.909394361134772E-005 -1.077492646996766E-004  1.649840924288841E-004
  6.665615128067571E-005 -1.040168473307640E-004  1.592095610668443E-004
  6.430278842158589E-005 -1.004150242339768E-004  1.536408180784258E-004
  6.203090187910745E-005 -9.693914349155559E-005  1.482703471590370E-004
  5.983764364529670E-005 -9.358472297226145E-005  1.430909171434624E-004
  5.772026702434153E-005 -9.034744389679980E-005  1.380955706273087E-004
  5.567612294285410E-005 -8.722314465963115E-005  1.332776130760703E-004
  5.370265639957509E-005 -8.420781489626020E-005  1.286306023940581E-004
  5.179740304895779E-005 -8.129758978559050E-005  1.241483389379697E-004
  4.995798591333499E-005 -7.848874457739251E-005  1.198248559501858E-004
  4.818211221859518E-005 -7.577768933541285E-005  1.156544103951464E-004
  4.646757034850776E-005 -7.316096388706505E-005  1.116314741795065E-004
  4.481222691304084E-005 -7.063523297106040E-005  1.077507257391472E-004
  4.321402392620965E-005 -6.819728157473546E-005  1.040070419753034E-004
  4.167097608917889E-005 -6.584401045318570E-005  1.003954905269650E-004
  4.018116817452036E-005 -6.357243182268203E-005  9.691132236045477E-005
  3.874275250769608E-005 -6.137966522117563E-005  9.354996466674143E-005
  3.735394654199933E-005 -5.926293352903293E-005  9.030701404671889E-005
  3.601303052334023E-005 -5.721955914341652E-005  8.717822998041314E-005
  3.471834524141123E-005 -5.524696030003629E-005  8.415952855734301E-005
  3.346828986390825E-005 -5.334264753628516E-005  8.124697646566688E-005
  3.226131985061876E-005 -5.150422029000538E-005  7.843678522228856E-005
  3.109594494431834E-005 -4.972936362840361E-005  7.572530563828628E-005
  2.997072723553721E-005 -4.801584510185871E-005  7.310902250520245E-005
  2.888427929838264E-005 -4.636151171762280E-005  7.058454949519617E-005
  2.783526239470974E-005 -4.476428702858414E-005  6.814862426662949E-005
  2.682238474404570E-005 -4.322216833251053E-005  6.579810376229283E-005
  2.584439985677409E-005 -4.173322397738211E-005  6.352995969636136E-005
  2.490010492818551E-005 -4.029559076858629E-005  6.134127421981792E-005
  2.398833929109586E-005 -3.890747147395825E-005  5.922923575626039E-005
  2.310798292482370E-005 -3.756713242281206E-005  5.719113500218653E-005
  2.225795501840559E-005 -3.627290119526118E-005  5.522436108425677E-005
  2.143721258601124E-005 -3.502316439830738E-005  5.332639786544036E-005
  2.064474913259978E-005 -3.381636552530333E-005  5.149482039710541E-005
  1.987959336793512E-005 -3.265100289555548E-005  4.972729150604464E-005
  1.914080796715076E-005 -3.152562767097258E-005  4.802155851535335E-005
  1.842748837612475E-005 -3.043884194677854E-005  4.637545009038724E-005
  1.773876165999212E-005 -2.938929691346182E-005  4.478687320529656E-005
  1.707378539318618E-005 -2.837569108723271E-005  4.325381022596139E-005
  1.643174658946128E-005 -2.739676860638826E-005  4.177431610239604E-005
  1.581186067040858E-005 -2.645131759109515E-005  4.034651566792874E-005
  1.521337047103191E-005 -2.553816856420584E-005  3.896860103874230E-005
  1.463554528100505E-005 -2.465619293083070E-005  3.763882911084749E-005
  1.407767992028275E-005 -2.380430151447971E-005  3.635551914954939E-005
  1.353909384778706E-005 -2.298144314769616E-005  3.511705046685405E-005
  1.301913030193743E-005 -2.218660331518609E-005  3.392186018435228E-005
  1.251715547183781E-005 -2.141880284753949E-005  3.276844107597864E-005
  1.203255769797706E-005 -2.067709666372888E-005  3.165533948851504E-005
  1.156474670133950E-005 -1.996057256064816E-005  3.058115333521181E-005
  1.111315283986178E-005 -1.926835004803167E-005  2.954453016049817E-005
  1.067722639120946E-005 -1.859957922718701E-005  2.854416526965058E-005
  1.025643686088179E-005 -1.795343971202612E-005  2.757879992515334E-005
  9.850272314687585E-006 -1.732913959096450E-005  2.664721960056524E-005
  9.458238734666706E-006 -1.672591442833456E-005  2.574825229450980E-005
  9.079859397562641E-006 -1.614302630400278E-005  2.488076689833650E-005
  8.714674274980593E-006 -1.557976288997024E-005  2.404367161612725E-005
  8.362239454393213E-006 -1.503543656277902E-005  2.323591243463519E-005
  8.022126580182346E-006 -1.450938355061613E-005  2.245647163954367E-005
  7.693922313930412E-006 -1.400096311405644E-005  2.170436637739955E-005
  7.377227813197754E-006 -1.350955675944431E-005  2.097864725864889E-005
  7.071658228046435E-006 -1.303456748396130E-005  2.027839700244949E-005
  6.776842214590760E-006 -1.257541905147023E-005  1.960272911863080E-005
  6.492421464876060E-006 -1.213155529827653E-005  1.895078662714790E-005
  6.218050252406514E-006 -1.170243946797650E-005  1.832174081217909E-005
  5.953394992661351E-006 -1.128755357460516E-005  1.771479000995596E-005
  5.698133817956702E-006 -1.088639779331324E-005  1.712915842977742E-005
  5.451956166027823E-006 -1.049848987783681E-005  1.656409500582454E-005
  5.214562381723065E-006 -1.012336460402944E-005  1.601887228157315E-005
  4.985663331217907E-006 -9.760573238737036E-006  1.549278532415428E-005
  4.764980028173663E-006 -9.409683033297337E-006  1.498515067111769E-005
  4.552243271282350E-006 -9.070276740930593E-006  1.449530530850636E-005
  4.347193292656104E-006 -8.741952157275332E-006  1.402260568242609E-005
  4.149579416537198E-006 -8.424321683281876E-006  1.356642674550868E-005
  3.959159727823270E-006 -8.117011909641618E-006  1.312616103987148E-005
  3.775700749921852E-006 -7.819663221869055E-006  1.270121782028821E-005
  3.598977131469554E-006 -7.531929425083884E-006  1.229102221988608E-005
  3.428771341473966E-006 -7.253477387458484E-006  1.189501446319953E-005
  3.264873372461393E-006 -6.983986701195850E-006  1.151264913043709E-005
  3.107080451240851E-006 -6.723149359794186E-006  1.114339447857452E-005
  2.955196756924855E-006 -6.470669450225496E-006  1.078673182484835E-005
  2.809033145880657E-006 -6.226262858523700E-006  1.044215499852590E-005
  2.668406883321911E-006 -5.989656987126786E-006  1.010916986819226E-005
  2.533141381290649E-006 -5.760590482166735E-006  9.787293950410701E-006
  2.403065942822770E-006 -5.538812968745217E-006  9.476056107427288E-006
  2.278015512137285E-006 -5.324084792075680E-006  9.174996339918061E-006
  2.157830430740033E-006 -5.116176762227440E-006  8.883665681375424E-006
  2.042356199386303E-006 -4.914869900073903E-006  8.601626199132559E-006
  1.931443245903305E-006 -4.719955181937779E-006  8.328451106516859E-006
  1.824946698932186E-006 -4.531233280344789E-006  8.063724988707960E-006
  1.722726167709375E-006 -4.348514298261288E-006  7.807044142860880E-006
  1.624645528067466E-006 -4.171617494202693E-006  7.558017030932815E-006
  1.530572714895296E-006 -4.000370995671417E-006  7.316264840544593E-006
  1.440379521353895E-006 -3.834611498527179E-006  7.081422146015441E-006
  1.353941405197789E-006 -3.674183950111412E-006  6.853137658431528E-006
  1.271137302597982E-006 -3.518941214252396E-006  6.631075049393386E-006
  1.191849449901744E-006 -3.368743716671749E-006  6.414913829597110E-006
  1.115963213792842E-006 -3.223459069791875E-006  6.204350259441306E-006
  1.043366930332908E-006 -3.082961676511891E-006  5.999098265216404E-006
  9.739517533669090E-007 -2.947132313162083E-006  5.798890331434233E-006
  9.076115127630815E-007 -2.815857692554096E-006  5.603478337364145E-006
  8.442425829278733E-007 -2.689030008798070E-006  5.412634304198503E-006
  7.837437619890291E-007 -2.566546466335165E-006  5.226151018921979E-006
  7.260161619746528E-007 -2.448308796407728E-006  5.043842501594813E-006
  6.709631102332458E-007 -2.334222764930670E-006  4.865544284950719E-006
  6.184900622405308E-007 -2.224197676402023E-006  4.691113478830892E-006
  5.685045258251842E-007 -2.118145879073205E-006  4.520428596334741E-006
  5.209159967200230E-007 -2.015982277032083E-006  4.353389127229044E-006
  4.756359052110030E-007 -1.917623855210153E-006  4.189914841966351E-006
  4.325775735174363E-007 -1.822989223202620E-006  4.029944853596964E-006
  3.916561833973572E-007 -1.731998184610368E-006  3.873436339055207E-006
  3.527887533365168E-007 -1.644571334999206E-006  3.720363332207485E-006
  3.158941245525475E-007 -1.560629703571945E-006  3.570714133955747E-006
  2.808929549317990E-007 -1.480094406472314E-006  3.424492891806055E-006
  2.477077199191420E-007 -1.402886452471926E-006  3.281704784475611E-006
  2.162627193040009E-007 -1.328926192817911E-006  3.142401745098550E-006
  1.864840887916188E-007 -1.258134324485513E-006  3.006501810977889E-006
  1.582998152187076E-007 -1.190427329039172E-006  2.874453090741041E-006
  1.316397542679635E-007 -1.125733913541682E-006  2.744745582465792E-006
  1.064356495561163E-007 -1.063933303527984E-006  2.623187198974990E-006
  8.262115201404644E-008 -1.005085413192354E-006  2.488275609907450E-006
  6.013183854296365E-008 -9.485719279335895E-007  2.420423350292989E-006
  3.890522901492869E-008 -8.963021140206005E-007  2.119675000211207E-006
  1.888080078576900E-008 -8.407490372037290E-007  2.705603942651775E-006
  0.000000000000000E+000 -8.095996206742496E-007  0.000000000000000E+000
