   2441867610.01152       -2426133633.11289       0.000000000000000E+000
   2386275585.20263       -2390725617.47391        3075501161.43055     
   2331959491.10220       -2330710764.59685        2137322725.91811     
   2278876835.96654       -2279236571.10193        2333668913.13463     
   2227003316.52142       -2226909189.62816        2211429692.16683     
   2176310350.68325       -2176344246.40859        2180585471.43490     
   2126771362.80928       -2126769147.00628        2125452950.61093     
   2078360001.93144       -2078367954.58961        2078621206.20901     
   2031050623.50494       -2031055699.70879        2030869038.01876     
   1984818136.68318       -1984824017.85266        1984763825.82595     
   1939638030.25671       -1939643676.13169        1939550794.15819     
   1895486348.72058       -1895492048.83265        1895410826.44636     
   1852339682.39125       -1852345355.71003        1852263320.65896     
   1810175154.29452       -1810180823.47108        1810101416.02279     
   1768970408.24481       -1768976067.02892        1768898254.17621     
   1728703596.93209       -1728709246.78331        1728633313.11566     
   1689353370.35829       -1689359011.71728        1689284677.03883     
   1650898864.49822       -1650904494.94481        1650832210.66944     
   1613319690.29469       -1613325315.62772        1613253831.70276     
   1576595922.56112       -1576601544.28118        1576532418.39335     
   1540708090.05867       -1540713698.64892        1540646246.70395     
   1505637164.59855       -1505642768.87914        1505576008.14274     
   1471364550.89411       -1471370150.27775        1471305819.64887     
   1437872077.36297       -1437877665.64150        1437814432.90166     
   1405141985.80562       -1405147565.77869        1405085919.61035     
   1373156922.30119       -1373162492.89752        1373102211.50294     
   1341899927.93748       -1341905489.53342        1341846604.86919     
   1311354429.83843       -1311359982.30223        1311302442.61874     
   1281504232.37153       -1281509775.75857        1281453554.49811     
   1252333508.56211       -1252339042.80813        1252284116.19195     
   1223826791.70175       -1223832316.96478        1223778629.98688     
   1195968967.14574       -1195974482.97470        1195922085.94673     
   1168745264.30677       -1168750771.86928        1168699416.05633     
   1142141248.79340       -1142146745.70713        1142096935.66945     
   1116142814.92132       -1116148296.11127        1116099703.83524     
   1090736177.97578       -1090741649.22902        1090693605.08963     
   1065907866.87475       -1065913327.56844        1065867013.33220     
   1041644717.38284       -1041650173.72233        1041603752.45486     
   1017933864.57962       -1017939319.01965        1017894919.26217     
   994762736.904209       -994768176.969059        994724907.131264     
   972119048.738368       -972124485.884705        972081110.440110     
   949990793.819232       -949996227.259803        949955012.544443     
   928366239.727113       -928371661.482586        928330905.575430     
   907233920.778142       -907239334.364790        907199705.831239     
   886582632.347993       -886588036.687358        886549219.258798     
   866401424.838806       -866406819.523055        866369031.250761     
   846679597.912476       -846684985.182624        846647734.161077     
   827406694.755351       -827412069.311819        827376468.414209     
   808572496.818966       -808577855.442292        808542562.490070     
   790167017.785236       -790172373.713177        790137267.855122     
   772180498.630818       -772185849.268815        772152395.105699     
   754603402.877531       -754608742.496142        754575700.733525     
   737426410.870399       -737431742.126015        737399594.545807     
   720640415.147630       -720645737.012890        720614284.220111     
   704236515.544009       -704241828.381741        704211115.810591     
   688206014.490892       -688211318.178419        688181308.868667     
   672540412.399330       -672545706.975712        672516391.326823     
   657231403.154954       -657236688.607112        657208048.840685     
   642270869.713562       -642276146.044742        642248167.382591     
   627650879.797452       -627656147.005947        627628814.213250     
   613363681.689601       -613368939.775349        613342238.198121     
   599401700.123608       -599406949.085947        599380864.360339     
   585757532.267191       -585762772.105641        585737290.171232     
   572423943.797101       -572429174.511212        572404281.664654     
   559393865.063391       -559399086.652712        559374769.467510     
   546660387.340994       -546665599.804975        546641845.204488     
   534216759.166628       -534221962.504788        534198757.650870     
   522056382.759073       -522061576.971070        522038909.371130     
   510172810.520947       -510177995.606355        510155853.017647     
   498559741.620101       -498564917.578480        498543288.065910     
   487211018.648841       -487216185.479726        487195057.351602     
   476120624.359179       -476125782.062193        476105143.911502     
   465282678.472416       -465287827.047140        465267667.719139     
   454691434.561336       -454696574.007421        454676882.599055     
   444341277.003377       -444346407.320439        444327173.187971     
   434226718.003152       -434231839.190864        434213051.913833     
   424342394.682747       -424347506.740712        424329156.165772     
   414683066.238257       -414688169.166118        414670245.331671     
   405243611.161032       -405248704.958499        405231198.166752     
   396019024.522197       -396024109.188912        396007009.937214     
   387004415.318966       -387009490.854556        386992789.877724     
   378195003.881367       -378200070.285520        378183758.501752     
   369586119.338002       -369591176.610421        369575245.175697     
   361173197.139484       -361178245.279826        361162685.525962     
   352951776.638257       -352956815.646305        352941619.112833     
   344917498.723497       -344922528.598924        344907687.028089     
   337066103.509861       -337071124.252343        337056629.554177     
   329393428.078831       -329398439.688142        329384283.969178     
   321895404.271485       -321900406.747340        321886582.294630     
   314568056.531502       -314573049.873646        314559549.141636     
   307407499.797273       -307412484.005437        307399299.631835     
   300409937.441989       -300414912.515886        300402037.295289     
   293571659.260616       -293576625.200024        293564052.094222     
   286889039.502698       -286893996.307371        286881718.443109     
   280358534.949935       -280363482.619637        280351493.272184     
   273976683.037523       -273981621.572037        273969914.176998     
   267740100.018256       -267745029.417331        267733597.556991     
   261645479.168416       -261650399.431867        261639236.828847     
   255689589.034508       -255694500.162086        255683600.698635     
   249869271.719899       -249874173.711364        249863531.386237     
   244181441.210460       -244186334.065673        244175943.028570     
   238623081.738317       -238627965.457070        238617819.991581     
   233191246.182855       -233196120.764911        233186215.280376     
   227883054.508116       -227887919.953298        227878248.983259     
   222695692.235763       -222700548.543911        222691106.752618     
   217626408.952806       -217631256.123710        217622038.296845     
   212672516.853301       -212677354.886760        212668355.923401     
   207831389.313235       -207836218.209107        207827433.125364     
   203100459.497857       -203105279.255996        203096703.186070     
   198477219.000709       -198482029.620891        198473657.811406     
   193959216.513636       -193964017.995716        193955845.786239     
   189544056.527065       -189548848.870923        189540871.727290     
   185229398.059882       -185234181.265326        185226394.744135     
   181012953.418208       -181017727.485090        181010127.247227     
   176892486.982433       -176897251.910603        176889833.716116     
   172865814.021863       -172870569.811178        172863329.515673     
   168930799.536347       -168935546.186677        168928479.740307     
   165085357.124269       -165090094.635467        165083198.083058     
   161327447.876314       -161332176.248239        161325445.720121     
   157655079.294406       -157659798.526914        157653230.247065     
   154066304.235266       -154071014.328249        154064604.597262     
   150559219.878005       -150563920.831326        150557666.049223     
   147131966.715227       -147136658.528762        147130555.158468     
   143782727.567090       -143787410.240742        143781454.843769     
   140509726.617816       -140514400.151447        140508589.355128     
   137311228.474131       -137315892.867631        137310223.382573     
   134185537.245132       -134190192.498388        134184661.106458     
   131130995.643108       -131135641.756014        131130245.314910     
   128145984.104820       -128150621.077258        128145356.515253     
   125228919.932791       -125233547.764669        125228412.077614     
   122378256.456136       -122382875.147361        122377865.404364     
   119592482.210497       -119597091.760958        119592205.094098     
   116870120.136647       -116874720.546249        116869954.153980     
   114209726.797331       -114214318.065966        114209669.211738     
   111609891.611936       -111614473.739523        111609939.744597     
   109069236.108586       -109073809.095042        109069387.348336     
   106586413.193253       -106590977.038480        106586664.983164     
   104160106.435517       -104164661.139416        104160456.280320     
   101789029.370568       -101793574.933074        101789474.825934     
   99471924.8171134       -99476461.2381570        99472463.5030767     
   97207564.2107987       -97212091.4902805        97208193.7952087     
   94994746.9528099       -94999265.0906459        94995465.1590232     
   92832299.7732976       -92836808.7694271        92833104.3734025     
   90719076.1092945       -90723575.9636536        90719964.9314739     
   88653955.4967936       -88658446.2092769        88654926.4165295     
   86635842.9766626       -86640324.5472078        86636893.9126762     
   84663668.5140809       -84668140.9426390        84664797.4401862     
   82736386.4311949       -82740849.7176807        82737591.3638009     
   80852974.8526848       -80857428.9970460        80854253.8509826     
   79012435.1639526       -79016880.1661268        79013786.3373531     
   77213791.4816442       -77218227.3415563        77215212.9767760     
   75456090.1362225       -75460516.8538217        75457580.1445518     
   73738399.1663192       -73742816.7415361        73739955.9214967     
   72059807.8245972       -72064216.2573806        72061429.5962692     
   70419426.0948589       -70423825.3851546        70421111.1981826     
   68816384.2201497       -68820774.3678941        68818131.0029375     
   67249832.2415997       -67254213.2467561        67251639.0919485     
   65718939.5477650       -65723311.4102669        65720804.8926101     
   64222894.4342273       -64227257.1540271        64224816.7299590     
   62760903.6732153       -62765257.2502688        62762881.4191022     
   61332192.0930273       -61336536.5272850        61334223.8154341     
   59936002.1670231       -59940337.4584376        59938086.4323457     
   58571593.6119745       -58575919.7604910        58573729.0135259     
   57238242.9955563       -57242560.0011479        57240428.1613625     
   55935243.3527740       -55939551.2153822        55937476.9445417     
   54661903.8111212       -54666202.5307072        54664184.5140838     
   53417549.2242688       -53421838.8008000        53419875.7617646     
   52201519.8140952       -52205800.2475255        52203890.9319784     
   51013170.8208621       -51017442.1111569        51015585.2979696     
   49851872.1613549       -49856134.3084710        49854328.8015599     
   48717008.0948036       -48721261.0987062        48719505.7305838     
   47607976.8964096       -47612220.7570703        47610514.3855292     
   46524190.5383028       -46528425.2556777        46526766.7677442     
   45465074.3777618       -45469299.9518254        45467688.2536897     
   44430066.8525298       -44434283.2832520        44432717.3141711     
   43418619.1830686       -43422826.4704095        43421305.1860180     
   42430195.0815866       -42434393.2255241        42432915.6106770     
   41464270.4676931       -41468459.4681883        41467024.5283222     
   40520333.1905233       -40524513.0475513        40523119.8106726     
   39597882.7571895       -39602053.4707298        39600700.9878060     
   38696430.0674128       -38700591.6374339        38699278.9815520     
   37815497.1541962       -37819649.5806747        37818375.8438546     
   36954616.9303995       -36958760.2133138        36957524.5109470     
   36113332.9410841       -36117467.0804037        36116268.5462497     
   35291199.1214944       -35295324.1171926        35294161.9053831     
   34487779.5605481       -34491895.4126092        34490768.6952700     
   33702648.2697105       -33706754.9781161        33705662.9486223     
   32935388.9571297       -32939486.5218546        32938428.3899367     
   32185594.8069135       -32189683.2279420        32188658.2218909     
   31452868.2634299       -31456947.5407409        31455954.9071076     
   30736820.8205178       -30740890.9540918        30739929.9553313     
   30037072.8154960       -30041133.8053175        30040203.7216789     
   29353253.2278612       -29357305.0739092        29356405.2018276     
   28684999.4825678       -28689042.1848280        28688171.8359061     
   28031957.2577855       -28035990.8162476        28035149.3188618     
   27393780.2970339       -27397804.7116823        27396991.4091509     
   26770130.2255921       -26774145.4964102        26773359.7470053     
   26160676.3710885       -26164682.4980652        26163923.6740841     
   25565095.5881734       -25569092.5713002        25568360.0601514     
   24983072.0871832       -24987059.9264454        24986353.1294518     
   24414297.2667050       -24418275.9620919        24417594.2933057     
   23858469.5499513       -23862439.1014528        23861781.9894873     
   23315294.2248606       -23319254.6324662        23318621.5177983     
   22784483.2878369       -22788434.5515376        22787824.8883464     
   22265755.2910463       -22269697.4108393        22269110.6643663     
   21758835.1931897       -21762768.1690636        21762203.8193517     
   21263454.2136726       -21267378.0456195        21266835.5808694     
   20779349.6900936       -20783264.3781124        20782743.3015887     
   20306264.9389774       -20310170.4830594        20309670.3071398     
   19843949.1196782       -19847845.5198204        19847365.7690210     
   19392157.1013800       -19396044.3575794        19395584.5667233     
   18950649.3331258       -18954527.4453797        18954087.1603355     
   18519191.7168038       -18523060.6851081        18522639.4617914     
   18097555.4830259       -18101415.3073791        18101012.7117537     
   17685517.0698312       -17689367.7502308        17688983.3584886     
   17282858.0041500       -17286699.5405952        17286332.9380330     
   16889364.7859669       -16893197.1784601        16892847.9602038     
   16504828.7751204       -16508652.0236640        16508319.7939154     
   16129046.0806784       -16132860.1852720        16132544.5576685     
   15761817.4528336       -15765622.4134780        15765323.0096424     
   15402948.1772577       -15406743.9939580        15406460.4446989     
   15052247.9718616       -15056034.6446204        15055766.5891433     
   14709530.8859055       -14713308.4147275        14713055.5000539     
   14374615.2014051       -14378383.5862932        14378145.4682277     
   14047323.3367825       -14051082.5777433        14050858.9186890     
   13727481.7527098       -13731231.8497506        13731022.3213068     
   13414920.8600968       -13418661.8132232        13418466.0931227     
   13109474.9301719       -13113206.7393919        13113024.5137373     
   12810982.0066112       -12814704.6719333        12814535.6330539     
   12519283.8196667       -12522997.3410994        12522841.1893301     
   12234225.7022497       -12237930.0798036        12237786.5210738     
   11955656.5079242       -11959351.7416108        11959220.4899044     
   11683428.5307671       -11687114.6205946        11686995.3954094     
   11417397.4270528       -11421074.3730353        11420966.9004283     
   11157422.1387197       -11161089.9408689        11160993.9536939     
   10903364.8185800       -10907023.4769074        10906938.7133363     
   10655090.7572307       -10658740.2717518        10658666.4763255     
   10412468.3116294       -10416108.6823594        10416045.6053824     
   10175368.8352948       -10179000.0622477        10178947.4598598     
   9943666.61009751       -9947288.69329027        9947246.32663371     
   9717238.77960173       -9720851.71905273        9720819.35541323     
   9495965.28392574       -9499569.07964992        9499546.49131206     
   9279728.79608435       -9283323.44810236        9283310.41204562     
   9068414.65978049       -9072000.16811222        9071996.46743743     
   8861910.82861318       -8865487.19327734        8865492.61500511     
   8660107.80666880       -8663675.02768591        8663689.36445596     
   8462898.59046506       -8466456.66785804        8466479.71619512     
   8270178.61221618       -8273727.54600720        8273759.10818077     
   8081845.68438993       -8085385.47460129        8085425.35618231     
   7897799.94552611       -7901330.59218478        7901378.60398545     
   7717943.80728893       -7721465.31041922        7721521.26736633     
   7542181.90272434       -7545694.26235079        7545757.98352781     
   7370421.03569517       -7373924.25184565        7373995.56024116     
   7202570.13146725       -7206064.20416990        7206142.92727773     
   7038540.18842050       -7042025.11770447        7042111.08639963     
   6878244.23085899       -6881720.01675407        6881813.06634125     
   6721597.26289537       -6725063.90543141        6725163.87442946     
   6568516.22338484       -6571973.72259378        6572080.45355897     
   6418919.94188509       -6422368.29779985        6422481.63660083     
   6272729.09561860       -6276168.30827373        6276288.10450032     
   6129866.16741471       -6133296.23684363        6133422.34353583     
   5990255.40460899       -5993676.33084835        5993808.60398434     
   5853822.77887807       -5857234.56196523        5857372.86142705     
   5720495.94698902       -5723898.58696061        5724042.77531272     
   5590204.21244187       -5593597.70933805        5593747.65241278     
   5462878.48798543       -5466262.84184624        5466418.40870174     
   5338451.25898634       -5341826.46985223        5341987.53231067     
   5216856.54763190       -5220222.61554587        5220389.04837304     
   5098029.87794772       -5101386.80295422        5101558.48383586     
   4981908.24161177       -4985256.02375516        4985432.83321952     
   4868430.06454652       -4871768.70387287        4871950.52495361     
   4757535.17427150       -4760864.67082876        4761051.38942131     
   4649164.76799912       -4652485.12183577        4652676.62634186     
   4543261.38145663       -4546572.59262192        4546768.77405697     
   4439768.85841778       -4443070.92696385        4443271.67856237     
   4338632.32092803       -4341925.24690777        4342130.46477899     
   4239798.14020763       -4243081.92367485        4243291.50582801     
   4143213.90821680       -4146488.54922751        4146702.39635090     
   4048828.40986840       -4052093.90847939        4052311.92327871     
   3956591.59587293       -3959847.95214278        3960070.03969624     
   3866454.55620186       -3869701.77019042        3869927.83761472     
   3778369.49415470       -3781607.56592404        3781837.52249455     
   3692289.70101671       -3695518.63062974        3695752.38775386     
   3608169.53129327       -3611389.31881437        3611626.78979233     
   3525964.37850802       -3529175.02400405        3529416.12414615     
   3445630.65155192       -3448832.15509140        3449076.80166175     
   3367125.75157068       -3370318.11322317        3370566.22539653     
   3290408.04937831       -3293591.26921470        3293842.76794958     
   3215436.86338472       -3218610.94147903        3218865.74943052     
   3142172.43802580       -3145337.37445366        3145595.41626633     
   3070575.92268457       -3073731.71752241        3073992.91939377     
   3000609.35109200       -3003756.00441921        3004020.29419922     
   2932235.62119679       -2935373.13309421        2935640.44043058     
   2865418.47549342       -2868546.84604384        2868817.10198077     
   2800122.48179789       -2803241.71108659        2803514.84839578     
   2736313.01446116       -2739423.10257528        2739699.05544520     
   2673956.23601010       -2677057.18303858        2677335.88727732     
   2613019.07920650       -2616110.88524086        2616392.27791903     
   2553469.22951430       -2556551.89464838        2556835.91448957     
   2495275.10796606       -2498348.63229590        2498635.21920018     
   2438405.85441931       -2441470.23804316        2441759.33349589     
   2382831.31119420       -2385886.55421244        2386178.10081184     
   2328522.00708335       -2331568.10959920        2331862.05140768     
   2275449.14172598       -2278486.10384502        2278782.38607189     
   2223584.57033744       -2226612.39216783        2226910.96137706     
   2172900.78878657       -2175919.47043870        2176220.27432525     
   2123370.91901262       -2126380.46060022        2126683.44803537     
   2074968.69477411       -2077969.09641326        2078274.21752586     
   2027668.44772216       -2030659.70953155        2030966.91546471     
   1981445.09379080       -1984427.21589231        1984736.45896456     
   1936274.11989701       -1939247.10241536        1939558.33599646     
   1892131.57094363       -1895095.41400645        1895408.59254350     
   1848994.03711799       -1851948.74085585        1852263.81981455     
   1806838.64147976       -1809784.20602655        1810101.14186165     
   1765643.02783127       -1768579.45332388        1768898.20353032     
   1725385.34886398       -1728312.63544261        1728633.15839729     
   1686044.25457471       -1688962.40238299        1689284.65748221     
   1647598.88094563       -1650507.89013042        1650831.83763241     
   1610028.83888185       -1612928.70959366        1613254.31067951     
   1573314.20340085       -1576204.93579369        1576532.15251844     
   1537435.50306802       -1540317.09729944        1540645.89257934     
   1502373.70967264       -1505246.16590400        1505576.50347004     
   1468110.22813884       -1470973.54653548        1471305.39095372     
   1434626.88666627       -1437481.06739719        1437814.38405028     
   1401905.92709518       -1404750.97033336        1405085.72534572     
   1369929.99549077       -1372765.90141345        1373102.06169638     
   1338682.13294197       -1341508.90173057        1341846.43492924     
   1308145.76656951       -1310963.39840949        1311302.27293121     
   1278304.70073886       -1281113.19582021        1281453.38071273     
   1249143.10847301       -1251942.46699024        1252283.93207768     
   1220645.52306084       -1223435.74521285        1223778.46093674     
   1192796.82985644       -1195577.91584687        1195921.85335231     
   1165582.25826515       -1168354.20830252        1168699.33933929     
   1138987.37391199       -1141750.18820979        1142096.48520431     
   1112998.07098834       -1115751.74976474        1116099.18575325     
   1087600.56477287       -1090345.10825139        1090693.65683494     
   1062781.38432272       -1065516.79273219        1065866.42815291     
   1038527.36533098       -1041253.63890535        1041604.33596090     
   1014825.64314684       -1017542.78212576        1017894.51615346     
   991663.645954569       -994371.650583195        994724.397524943     
   969029.088107763       -971727.958636899        972081.694913750     
   946909.963615347       -949599.700301854        949954.402894266     
   925294.539775830       -927975.142882533        928330.789267963     
   904171.350956476       -906842.820752253        907199.388928404     
   883529.192514076       -886191.529274179        886548.997692246     
   863357.114854087       -866010.318860194        866368.666492206     
   843644.417625027       -846288.489165232        846647.695419263     
   824380.644044997       -827015.583414286        827375.628156258     
   805555.575357355       -808181.382857611        808542.246408368     
   787159.225412606       -789775.901352737        790137.564459449     
   769181.835373603       -771789.380069691        772151.823913052     
   751613.868541290       -754212.282316784        754575.488479212     
   734446.005298215       -737035.288484133        737399.238962089     
   717669.138167145       -720249.291102176        720613.968283182     
   701274.366982161       -703845.390013000        704210.776660047     
   685252.994169672       -687814.887651018        688180.966929076     
   669596.520136849       -672149.284431626        672516.039844498     
   654296.638765024       -656840.274244716        657207.689670586     
   639345.233005682       -641879.740050335        642247.799718319     
   624734.370576689       -627259.749575235        627628.438044509     
   610456.299756493       -612972.551106937        613341.853283144     
   596503.445274059       -599010.569383615        599380.470491412     
   582868.404292359       -585366.401577753        585736.887158128     
   569543.942483293       -572032.813370953        572403.869278611     
   556522.990191946       -559002.735118168        559374.347511828     
   543798.638688172       -546269.258099516        546641.413416632     
   531364.136503484       -533825.630856838        534198.315854593     
   519212.885851348       -521665.255614153        522038.457299636     
   507338.439128936       -509781.684779626        510155.390448663     
   495734.495498534       -498168.617526547        498542.814748017     
   484394.897546747       -486819.896452955        487194.573036050     
   473313.628019758       -475729.504316671        476104.648350219     
   462484.806632902       -464891.560844908        465267.160642988     
   451902.686952860       -454300.319616588        454676.363750144     
   441561.653350825       -443950.165015314        444326.642285665     
   431456.218025021       -433835.609252049        434212.508692018     
   421581.018091000       -423951.289455416        424328.600316930     
   411930.812738165       -414291.964828125        414669.676591960     
   402500.480451027       -404852.513868400        405230.616209033     
   393285.016293705       -395627.931654320        396006.414478547     
   384279.529256252       -386613.327190133        386992.180588815     
   375479.239661366       -377803.920813270        378183.135074163     
   366879.476630148       -369195.041659730        369574.607276712     
   358475.675605541       -360782.125187770        361162.032820373     
   350263.375932137       -352560.710757638        352940.951268834     
   342238.218491084       -344526.439266428        344907.003680208     
   334395.943388820       -336675.050837006        337055.930355154     
   326732.387698422       -329002.382559227        329383.568547591     
   319243.483252364       -321504.366282653        321885.850279746     
   311925.254485530       -314177.026459730        314558.800145376     
   304773.816327305       -307016.478037814        307398.533262431     
   297785.372141668       -300018.924399170        300401.253154579     
   290956.211714162       -293180.655348153        293563.249770766     
   284282.709284690       -286498.045143845        286880.897517505     
   277761.321625089       -279967.550577731        280350.653314899     
   271388.586160463       -273585.709095033        273969.054748579     
   265161.119133282       -267349.136958737        267732.718208355     
   259075.613809267       -261254.527455631        261638.337102477     
   253128.838724115       -255298.649142890        255682.680119627     
   247317.635970140       -249478.344134836        249862.589478780     
   241638.919521901       -243790.526428544        244174.979304004     
   236089.673599955       -238232.180267586        238616.833938461     
   230666.951071851       -232800.358543069        233185.206389541     
   225367.871889520       -227492.181230988        227877.216730595     
   220189.621562237       -222304.833865292        222690.050596815     
   215129.449664338       -217235.566045502        217620.957688100     
   210184.668376914       -212281.689978495        212667.250298678     
   205352.651062688       -207440.579053341        207826.301916524     
   200630.830873342       -202709.666448693        203095.545796464     
   196016.699388536       -198086.443771835        198472.473637468     
   191507.805285914       -193568.459728612        193954.634222215     
   187101.753041380       -189153.318823751        189539.632139148     
   182796.201658959       -184838.680090836        185225.126482964     
   178588.863429570       -180622.255850981        181008.829663468     
   174477.502718055       -176501.810499876        176888.506130325     
   170459.934777813       -172475.159322528        172861.971244003     
   166534.024592420       -168540.167334782        168927.090078305     
   162697.685743617       -164694.748151452        165081.776306680     
   158948.879305059       -160936.862879969        161323.991099490     
   155285.612761258       -157264.519039384        157651.742023992     
   151705.938951117       -153675.769503955        154063.082009889     
   148207.955035524       -150168.711470702        150556.108301400     
   144789.801488441       -146741.485450563        147128.961454915     
   141449.661110961       -143392.274282419        143779.824355812     
   138185.758067803       -140119.302169628        140506.921245842     
   134996.356945742       -136920.833738521        137308.516788512     
   131879.761833471       -133795.173118211        134182.915152088     
   128834.315422407       -130740.663041447        131128.459099191     
   125858.398127966       -127755.683965924        128143.529120080     
   122950.427230835       -124838.653215544        125226.542566290     
   120108.856037796       -121988.024141310        122375.952812268     
   117332.173061651       -119202.285301205        119590.248443992     
   114618.901219809       -116479.959658856        116867.952439151     
   111967.597051121       -113819.603800397        114207.621406391     
   109376.849950538       -111219.807169070        111607.844804847     
   106845.281421188       -108679.191317421        109067.244196601     
   104371.544343482       -106196.409176379        106584.472527884     
   101954.322260855       -103770.144341019        104158.213398647     
   99592.3286817629       -101399.110372615        101787.180377946     
   97284.3063975673       -99082.0501165121        99470.1163146356     
   95029.0268159512       -96817.7350355864        97205.7926726365     
   92825.2893095021       -94604.9645588611        94993.0088794063     
   90671.9205791249       -92442.5654449385        92830.5916904109     
   88567.7740319452       -90329.3911599095        90717.3945671745     
   86511.7291733711       -88264.3212694910        88652.2970634933     
   84502.6910129938       -86246.2608448915        86634.2042466812     
   82539.5894840112       -84274.1398823194        84662.0460914767     
   80621.3788758645       -82346.9127356400        82734.7769439272     
   78747.0372797916       -80463.5575618942        80851.3749404275     
   76915.5660469985       -78623.0757795993        79010.8414783833     
   75125.9892591644       -76824.4915392182        77212.2006887540     
   73377.3532109984       -75066.8512057606        75454.4989094904     
   71668.7259045745       -73349.2228531590        73736.8041895969     
   69999.1965551760       -71670.6957701342        72058.2057869754     
   68367.8751083872       -70030.3799773337        70417.8136914229     
   66773.8917681773       -68427.4057554370        68814.7581491623     
   65216.3965357247       -66860.9231840169        67248.1892039122     
   63694.5587587396       -65330.1016908975        65717.2762442114     
   62207.5666910426       -63834.1296117708        64221.2075650056     
   60754.6270621698       -62372.2137598324        62759.1899357436     
   59334.9646567721       -60943.5790052207        61330.4481808664     
   57947.8219035892       -59547.4678640331        59934.2247674177     
   56592.4584737776       -58183.1400966737        58569.7794068981     
   55268.1508883825       -56849.8723153810        57236.3886560644     
   53974.1921347419       -55546.9576006732        55933.3455415707     
   52709.8912916232       -54273.7051265036        54659.9591787294     
   51474.5731628909       -53029.4397939872        53415.5544083534     
   50267.5779195121       -51813.5018734445        52199.4714373556     
   49088.2607497111       -50625.2466545836        51011.0654914576     
   47935.9915170848       -49464.0441046798        49849.7064675767     
   46810.1544265003       -48329.2785345023        48714.7786088070     
   45710.1476975975       -47220.3482718502        47605.6801682583     
   44635.3832457206       -46136.6653425495        46521.8230973453     
   43585.2863701138       -45077.6551586816        45462.6327292903     
   42559.2954492113       -44042.7562139273        44427.5474775765     
   41556.8616428640       -43031.4197858170        43416.0185376253     
   40577.4486013428       -42043.1096448055        42427.5095924417     
   39620.5321809639       -41077.3017699351        41461.4965345400     
   38685.6001661879       -40133.4840709809        40517.4671811491     
   37772.1519980414       -39211.1561169170        39594.9210098650     
   36879.6985087219       -38309.8288705778        38693.3688849728     
   36007.7616622401       -37429.0244293496        37812.3328072785     
   35155.8743009671       -36568.2757717621        36951.3456518976     
   34323.5798979479       -35727.1265098587        36109.9509284309     
   33510.4323148530       -34905.1306471860        35287.7025327849     
   32715.9955654381       -34101.8523423272        34484.1645137635     
   31939.8435843868       -33316.8656777796        33698.9108423708     
   31181.5600014138       -32549.7544341145        32931.5251835693     
   30440.7379205097       -31800.1118692831        32181.6006776478     
   29716.9797042083       -31067.5405029249        31448.7397242885     
   29009.8967627649       -30351.6519056070        30732.5537702381     
   28319.1093481306       -29652.0664928558        30032.6631053304     
   27644.2463526165       -28968.4133238721        29348.6966597305     
   26984.9451121387       -28300.3299048357        28680.2918079787     
   26340.8512139410       -27647.4619966718        28027.0941774865     
   25711.6183086934       -27009.4634272250        27388.7574570937     
   25096.9079268655       -26385.9959076765        26764.9432200688     
   24496.3892992801       -25776.7288531523        26155.3207369949     
   23909.7391817484       -25181.3392074311        25559.5668068115     
   23336.6416836968       -24599.5112716065        24977.3655823507     
   22776.7881006934       -24030.9365366874        24408.4084026447     
   22229.8767507845       -23475.3135199900        23852.3936313781     
   21695.6128145560       -22932.3476052508        23309.0264951814     
   21173.7081788335       -22401.7508863892        22778.0189283239     
   20663.8812839400       -21883.2420148234        22259.0894194564     
   20165.8569744274       -21376.5460502536        21751.9628636105     
   19679.3663532064       -20881.3943148564        21256.3704139514     
   19204.1466389936       -20397.5242507934        20772.0493421960     
   18739.9410270038       -19924.6792809459        20298.7428978988     
   18286.4985528112       -19462.6086728473        19836.2001714869     
   17843.5739593080       -19011.0674056945        19384.1759637185     
   17410.9275666908       -18569.8160403844        18942.4306535739     
   16988.3251454047       -18138.6205925244        18510.7300719074     
   16575.5377919784       -17717.2524083176        18088.8453782172     
   16172.3418076844       -17305.4880432760        17676.5529381771     
   15778.5185799601       -16903.1091437006        17273.6342058011     
   15393.8544665265       -16509.9023308480        16879.8756079287     
   15018.1406821439       -16125.6590877446        16495.0684297538     
   14651.1731879439       -15750.1756485647        16119.0087066255     
   14292.7525832794       -15383.2528905354        15751.4971127368     
   13942.6840000356       -15024.6962282960        15392.3388593087     
   13600.7769993448       -14674.3155106566        15041.3435879164     
   13266.8454706522       -14331.9249197194        14698.3252720056     
   12940.7075330775       -13997.3428722776        14363.1021175672     
   12622.1854390210       -13670.3919234713        14035.4964663508     
   12311.1054799629       -13350.8986726239        13715.3347033208     
   12007.2978944061       -13038.6936712272        13402.4471625190     
   11710.5967779130       -12733.6113330212        13096.6680392798     
   11420.8399951901       -12435.4898461085        12797.8353013126     
   11137.8690941724       -12144.1710870761        12505.7906032273     
   10861.5292220627       -11859.5005370671        12220.3792026246     
   10591.6690432819       -11581.3271997581        11941.4498785609     
   10328.1406592857       -11309.5035212059        11668.8548506118     
   10070.7995302064       -11043.8853115122        11402.4497019866     
   9819.50439827759       -10784.3316682663        11142.0933019261     
   9574.11721300144       -10530.7049017371        10887.6477313967     
   9334.50305801921       -10282.8704617535        10638.9782106903     
   9100.53007964594       -10040.6968662508        10395.9530272139     
   8872.06941703164       -9804.05563144299        10158.4434663453     
   8648.99513391217       -9572.82120357483        9926.32374349361     
   8431.18415191355       -9346.87089222825        9699.47093693330     
   8218.51618537449       -9126.08480513971        9477.76492377993     
   8010.87367765270       -8910.34578449988        9261.08831523783     
   7808.14173888124       -8699.53934469699        9049.32639597546     
   7610.20808514206       -8493.55361147292        8842.36706202613     
   7416.96297902459       -8292.27926246090        8640.10076289175     
   7228.29917153791       -8095.60946906813        8442.42044261518     
   7044.11184534584       -7903.43983968258        8249.22148369218     
   6864.29855929494       -7715.66836416041        8060.40165193028     
   6688.75919420615       -7532.19535957446        7875.86104204737     
   6517.39589990141       -7352.92341719319        7695.50202520512     
   6350.11304343730       -7177.75735065884        7519.22919730791     
   6186.81715851826       -7006.60414533928        7346.94932875981     
   6027.41689606290       -6839.37290882567        7178.57131518425     
   5871.82297589714       -6675.97482255169        7014.00612928430     
   5719.94813954863       -6516.32309450933        6853.16677373871     
   5571.70710411771       -6360.33291302761        6695.96823598091     
   5427.01651720055       -6207.92140160216        6542.32744214032     
   5285.79491284039       -6059.00757474507        6392.16321448522     
   5147.96266848420       -5913.51229482902        6245.39622761653     
   5013.44196292138       -5771.35822990872        6101.94896738391     
   4882.15673518299       -5632.46981249375        5961.74568933591     
   4754.03264437926       -5496.77319925337        5824.71237931583     
   4628.99703045464       -5364.19623162572        5690.77671431499     
   4506.97887583942       -5234.66839732102        5559.86802396708     
   4387.90876797781       -5108.12079269021        5431.91725387951     
   4271.71886271274       -4984.48608593901        5306.85692887501     
   4158.34284850811       -4863.69848117496        5184.62111739301     
   4047.71591148942       -4745.69368326103        5065.14539703218     
   3939.77470128473       -4630.40886346012        4948.36682031743     
   3834.45729764757       -4517.78262585395        4834.22388165975     
   3731.70317784447       -4407.75497451681        4722.65648483918     
   3631.45318478974       -4300.26728142534        4613.60591158802     
   3533.64949591091       -4195.26225509163        4507.01479017875     
   3438.23559272817       -4092.68390990074        4402.82706565541     
   3345.15623113196       -3992.47753613390        4300.98797003943     
   3254.35741234301       -3894.58967066813        4201.44399337404     
   3165.78635453944       -3798.96806833166        4104.14285572174     
   3079.39146513599       -3705.56167390070        4009.03347944666     
   2995.12231370079       -3614.32059472702        3916.06596215938     
   2912.92960549534       -3525.19607397768        3825.19155058203     
   2832.76515562372       -3438.14046447268        3736.36261476736     
   2754.58186377742       -3353.10720311213        3649.53262265725     
   2678.33368956240       -3270.05078587615        3564.65611579119     
   2603.97562839533       -3188.92674338193        3481.68868519398     
   2531.46368795631       -3109.69161699101        3400.58694770265     
   2460.75486518552       -3032.30293545197        3321.30852313153     
   2391.80712381176       -2956.71919206485        3243.81201179214     
   2324.57937240071       -2882.89982235819        3168.05697244360     
   2259.03144291160       -2810.80518226737        3094.00390080536     
   2195.12406975053       -2740.39652680014        3021.61420872348     
   2132.81886930958       -2671.63598918199        2950.85020332930     
   2072.07831998076       -2604.48656046947        2881.67506723196     
   2012.86574263396       -2538.91206962020        2814.05283865869     
   1955.14528154874       -2474.87716401195        2747.94839231286     
   1898.88188578959       -2412.34729039900        2683.32742052911     
   1844.04129101474       -2351.28867629603        2620.15641498669     
   1790.59000170874       -2291.66831178289        2558.40264843671     
   1738.49527382933       -2233.45393171855        2498.03415743587     
   1687.72509785917       -2176.61399835632        2439.01972475690     
   1638.24818225329       -2121.11768435361        2381.32886271251     
   1590.03393727342       -2066.93485616362        2324.93179665258     
   1543.05245920028       -2014.03605780610        2269.79944854458     
   1497.27451491535       -1962.39249500471        2215.90342154817     
   1452.67152684377       -1911.97601968627        2163.21598401455     
   1409.21555824994       -1862.75911483405        2111.71005472041     
   1366.87929887806       -1814.71487968480        2061.35918779602     
   1325.63605092948       -1767.81701526770        2012.13755808292     
   1285.45971536919       -1722.03981027362        1964.01994709302     
   1246.32477855406       -1677.35812724904        1916.98172885287     
   1208.20629917510       -1633.74738911077        1870.99885618194     
   1171.07989550680       -1591.18356597132        1826.04784745221     
   1134.92173295617       -1549.64316227061        1782.10577319840     
   1099.70851190467       -1509.10320420799        1739.15024343829     
   1065.41745583615       -1469.54122746752        1697.15939487594     
   1032.02629974404       -1430.93526523160        1656.11187864871     
   999.513278811363       -1393.26383647757        1615.98684800859     
   967.857117356915       -1356.50593454991        1576.76394669696     
   937.037018041566       -1320.64101600428        1538.42329695842     
   907.032651328271       -1285.64898971864        1500.94548833469     
   877.824145189848       -1251.51020626314        1464.31156638791     
   849.392075058553       -1218.20544752740        1428.50302162263     
   821.717454011588       -1185.71591659782        1393.50177884544     
   794.781723186881       -1154.02322787997        1359.29018652261     
   768.566742423504       -1123.10939746319        1325.85100637728     
   743.054781121223       -1092.95683372060        1293.16740335163     
   718.228509313840       -1063.54832814034        1261.22293555391     
   694.070988951007       -1034.86704638424        1230.00154456317     
   670.565665383368       -1006.89651956871        1199.48754581882     
   647.696359045943       -979.620635763391        1169.66561931841     
   625.447257334798       -953.023631703803        1140.52080032913     
   603.802906672112       -927.090084712574        1112.03847056458     
   582.748204754929       -901.804904825774        1084.20434918905     
   562.268392982837       -877.153327120550        1057.00448432856     
   542.349049060085       -853.120904238446        1030.42524456418     
   522.976079767614       -829.693499101371        1004.45331070451     
   504.135713900639       -806.857277816181        979.075667631400     
   485.814495367471       -784.598702763139        954.279596481716     
   467.999276445418       -762.904525864634        930.052666809016     
   450.677211189621       -741.761782030359        906.382729094909     
   433.835748990852       -721.157782774404        883.257907305102     
   417.462628278320       -701.080110000844        860.666591698215     
   401.545870363680       -681.516609954146        838.597431700728     
   386.073773422471       -662.455387329759        817.039329119430     
   371.034906609367       -643.884799541368        795.981431320241     
   356.418104303640       -625.793451141862        775.413124698639     
   342.212460481381       -608.170188392654        755.324028323853     
   328.407323211065       -591.004093979113        735.703987602334     
   314.992289269182       -574.284481866749        716.543068390155     
   301.957198872677       -558.000892299040        697.831550576507     
   289.292130525085       -542.143086916626        679.559923959022     
   276.987395973344       -526.701044051899        661.718877133856     
   265.033535272106       -511.664954003805        644.299310323707     
   253.421311953448       -497.025214905721        627.292271036579     
   242.141708296194       -482.772427270058        610.689133344836     
   231.185920703655       -468.897392837540        594.481044707244     
   220.545355142342       -455.391102565367        578.660422530388     
   210.211622850729       -442.244742697241        563.217887037926     
   200.176535703001       -429.449692262488        548.146072859523     
   190.432102129592       -416.997499417172        533.437655203615     
   180.970523093848       -404.879898724702        519.083767725780     
   171.784187731018       -393.088802375414        505.077848291236     
   162.865669548482       -381.616288899391        491.412010948292     
   154.207722445764       -370.454607452012        478.079321323463     
   145.803276945109       -359.596168006044        465.072745369413     
   137.645436501375       -349.033538529416        452.385593848216     
   129.727473957098       -338.759436833428        440.011540767853     
   122.042828207090       -328.766719788619        427.944833588387     
   114.585101182880       -319.048365641551        416.180682262211     
   107.348055390968       -309.597441704287        404.716140705970     
   100.325612476382       -300.407045539381        393.551527478761     
   93.5118537498681       -291.470183107275        382.694480479699     
   86.9010246369619       -282.779548177231        372.164478391067     
   80.4875470302740       -274.326985864356        362.015755693916     
   74.2660483361586       -266.102654290529        352.340608277183     
   68.2314246127476       -258.092297612274        343.430132411434     
   62.3789813638368       -250.274432888501        335.620969548766     
   56.7047257389227       -242.604485472501        330.582198302597     
   51.2060605036264       -235.008988120842        329.154319124646     
   45.8830995790846       -227.291319975404        341.193818620214     
   40.7423685464361       -219.122835180504        368.311755766884     
   35.7998471324723       -209.947608462951        428.638310962090     
   31.0878967043121       -198.951884985126        526.438095228553     
   26.6556286358847       -185.629941912237        630.691177728477     
   22.5565174027116       -170.067633478540        721.033757957698     
   18.8368027098344       -152.801410567330        778.691308772301     
   15.5266134175548       -134.641276971096        798.677853521655     
   12.6367298871942       -116.430705829542        783.072258295048     
   10.1595255963271       -98.9048871055337        739.201014239676     
   8.07251691863815       -82.6134976908665        675.851090825731     
   6.34284586663521       -67.9100058701639        601.277981662425     
   4.93156973686363       -54.9752875267518        522.217378640902     
   3.79722052398679       -43.8541558144152        443.751848396518     
   2.89851509865574       -34.4914124500392        369.485707328441     
   2.19628802517419       -26.7630394255969        301.792244392606     
   1.65476940961724       -20.5019967396861        242.035013497754     
   1.24232502506501       -15.5192336818462        190.762286632499     
  0.931763160256161       -11.6203558766550        147.889936649416     
  0.700305741638773       -8.61813797468471        112.879397009961     
  0.529317541888356       -6.34106562159028        84.9045945587124     
  0.403881001648237       -4.63828820220303        62.9967728711562     
  0.312292663428572       -3.38159371484005        46.1583233888403     
  0.245541280865724       -2.46515703902097        33.4423548755567     
  0.196809984088463       -1.80382524691978        24.0001947277913     
  0.161028203195010       -1.33061095761565        17.1026761927193     
  0.134485307991400      -0.993909797226271        12.1428150087864     
  0.114508074312884      -0.754780434759884        8.62769750725260     
  9.919825121586499E-002 -0.584460675800650        6.16608878776490     
  8.722398633207976E-002 -0.462175518185376        4.45546504643177     
  7.765829634184730E-002 -0.373242314127140        3.26917490966174     
  6.985772694747916E-002 -0.307476411915852        2.44317877588855     
  6.337418478108749E-002 -0.257905287127989        1.86251441553280     
  5.789286477139896E-002 -0.219784525513569        1.44861286748556     
  5.318965006215018E-002 -0.189882779573708        1.14861978470533     
  4.910236620552694E-002 -0.165983862292522       0.927213795030700     
  4.551153788740492E-002 -0.146550295933938       0.760764331615981     
  4.232750862613989E-002 -0.130499932694194       0.633352505896751     
  3.948176795486884E-002 -0.117058715943256       0.534136747102846     
  3.692105140083626E-002 -0.105663565411384       0.455633452187002     
  3.460327401552404E-002 -9.589792176798241E-002  0.392599577125542     
  3.249468622570413E-002 -8.744853865127009E-002  0.341304515489394     
  3.056785367604331E-002 -8.007615930592832E-002  0.299052218146496     
  2.880019981478477E-002 -7.359534264366760E-002  0.263864364782803     
  2.717293822522489E-002 -6.786038416496210E-002  0.234267799466413     
  2.567027880810857E-002 -6.275534729424889E-002  0.209150069106268     
  2.427882917819404E-002 -5.818690340357700E-002  0.187659925414419     
  2.298713720333981E-002 -5.407911702627607E-002  0.169137865885411     
  2.178533700067992E-002 -5.036959650031159E-002  0.153066993101236     
  2.066487177039206E-002 -4.700661588564115E-002  0.139037791638561     
  1.961827441539431E-002 -4.394693677568643E-002  0.126722559131038     
  1.863899213665793E-002 -4.115414079088908E-002  0.115856617924772     
  1.772124486955969E-002 -3.859733918978078E-002  0.106224347411775     
  1.685991003623324E-002 -3.625016417017490E-002  9.764868440342445E-002
  1.605042796366792E-002 -3.408997287935779E-002  8.998314708804281E-002
  1.528872367979932E-002 -3.209721370467333E-002  8.310571557746563E-002
  1.457114180103067E-002 -3.025491757870775E-002  7.691409273025307E-002
  1.389439196814210E-002 -2.854828647513061E-002  7.132200145534878E-002
  1.325550284529841E-002 -2.696435811621453E-002  6.625626774611740E-002
  1.265178311928894E-002 -2.549173092633580E-002  6.165450474688774E-002
  1.208078825897774E-002 -2.412033697354060E-002  5.746326049600167E-002
  1.154029204380814E-002 -2.284125340930945E-002  5.363652627174547E-002
  1.102826206360735E-002 -2.164654500161789E-002  5.013452751702785E-002
  1.054283854339019E-002 -2.052913194019897E-002  4.692273779914420E-002
  1.008231596632603E-002 -1.948267830574489E-002  4.397107000305708E-002
  9.645127062912290E-003 -1.850149753064686E-002  4.125320927186992E-002
  9.229828810239113E-003 -1.758047190625134E-002  3.874606000142475E-002
  8.835090146225431E-003 -1.671498376085625E-002  3.642928513812892E-002
  8.459681153047330E-003 -1.590085638105658E-002  3.428492058454104E-002
  8.102463504112251E-003 -1.513430310443665E-002  3.229705103963778E-002
  7.762382001746520E-003 -1.441188329492601E-002  3.045153633797630E-002
  7.438457059726820E-003 -1.373046413929058E-002  2.873577949314360E-002
  7.129778007046907E-003 -1.308718738630416E-002  2.713852933858484E-002
  6.835497107770760E-003 -1.247944029844313E-002  2.564971199157827E-002
  6.554824207200692E-003 -1.190483020667897E-002  2.426028642824125E-002
  6.287021927445736E-003 -1.136116215765591E-002  2.296212030732367E-002
  6.031401346272556E-003 -1.084641922362848E-002  2.174788286203679E-002
  5.787318102218853E-003 -1.035874511242513E-002  2.061095223050058E-002
  5.554168876644035E-003 -9.896428770089626E-003  1.954533504350054E-002
  5.331388209922626E-003 -9.457890714915228E-003  1.854559644986480E-002
  5.118445614546371E-003 -9.041670880019601E-003  1.760679906090614E-002
  4.914842952651192E-003 -8.646417773792754E-003  1.672444953698175E-002
  4.720112049554856E-003 -8.270878794609218E-003  1.589445174281632E-002
  4.533812518388650E-003 -7.913891558997186E-003  1.511306556442409E-002
  4.355529773920245E-003 -7.574376121754824E-003  1.437687061864161E-002
  4.184873216269245E-003 -7.251327982872422E-003  1.368273420250700E-002
  4.021474567473289E-003 -6.943811790045113E-003  1.302778292565243E-002
  3.864986345822426E-003 -6.650955657453512E-003  1.240937754955954E-002
  3.715080464585839E-003 -6.371946031655974E-003  1.182509062679294E-002
  3.571446943244391E-003 -6.106023044168073E-003  1.127268658865172E-002
  3.433792720645118E-003 -5.852476297812877E-003  1.075010398066542E-002
  3.301840560636003E-003 -5.610641040396440E-003  1.025543958445687E-002
  3.175328041742720E-003 -5.379894684863658E-003  9.786934200977836E-003
  3.054006623332440E-003 -5.159653639937249E-003  9.342959899051317E-003
  2.937640781489019E-003 -4.949370419452904E-003  8.922008559587920E-003
  2.826007208512679E-003 -4.748531002269126E-003  8.522681566728179E-003
  2.718894070567141E-003 -4.556652417827921E-003  8.143680516916326E-003
  2.616100318538223E-003 -4.373280535233055E-003  7.783798832515986E-003
  2.517435047648777E-003 -4.197988036159835E-003  7.441914180790125E-003
  2.422716901802854E-003 -4.030372554058018E-003  7.116981610884454E-003
  2.331773519013678E-003 -3.870054963991895E-003  6.808027332664504E-003
  2.244441014610974E-003 -3.716677809126544E-003  6.514143068944114E-003
  2.160563499228068E-003 -3.569903851333171E-003  6.234480922408445E-003
  2.079992628842535E-003 -3.429414734679906E-003  5.968248703586622E-003
  2.002587184389220E-003 -3.294909751724023E-003  5.714705673659689E-003
  1.928212678684846E-003 -3.166104703534588E-003  5.473158660331211E-003
  1.856740988601612E-003 -3.042730845279618E-003  5.242958509918206E-003
  1.788050010605831E-003 -2.924533910012961E-003  5.023496842918890E-003
  1.722023337938836E-003 -2.811273204011330E-003  4.814203083674540E-003
  1.658549957863049E-003 -2.702720767651567E-003  4.614541737965372E-003
  1.597523967527643E-003 -2.598660596385440E-003  4.424009895391897E-003
  1.538844307127903E-003 -2.498887916880264E-003  4.242134935368043E-003
  1.482414509140227E-003 -2.403208513851631E-003  4.068472418058540E-003
  1.428142462513160E-003 -2.311438103521571E-003  3.902604143609939E-003
  1.375940190784097E-003 -2.223401750005402E-003  3.744136364181272E-003
  1.325723643172533E-003 -2.138933321260977E-003  3.592698135567114E-003
  1.277412497774789E-003 -2.057874981530659E-003  3.447939795856229E-003
  1.230929976052653E-003 -1.980076717477703E-003  3.309531560113986E-003
  1.186202667869966E-003 -1.905395895458329E-003  3.177162221288602E-003
  1.143160366387585E-003 -1.833696847591338E-003  3.050537947981699E-003
  1.101735912178601E-003 -1.764850484485255E-003  2.929381171234216E-003
  1.061865045972916E-003 -1.698733932662067E-003  2.813429552621978E-003
  1.023486269483515E-003 -1.635230194879577E-003  2.702435027211293E-003
  9.865407138064553E-004 -1.574227831702051E-003  2.596162915000352E-003
  9.509720149229756E-004 -1.515620662803308E-003  2.494391095538855E-003
  9.167261958656913E-004 -1.459307486607574E-003  2.396909240511722E-003
  8.837515551415697E-004 -1.405191816985659E-003  2.303518099747676E-003
  8.519985610327784E-004 -1.353181635824659E-003  2.214028836454525E-003
  8.214197514226133E-004 -1.303189160381545E-003  2.128262407871110E-003
  7.919696388178228E-004 -1.255130624415617E-003  2.046048987799204E-003
  7.636046202608797E-004 -1.208926072172098E-003  1.967227427835023E-003
  7.362828918462977E-004 -1.164499164358813E-003  1.891644754431743E-003
  7.099643675740911E-004 -1.121776995323197E-003  1.819155698989475E-003
  6.846106022910358E-004 -1.080689920695597E-003  1.749622258673366E-003
  6.601847184866670E-004 -1.041171394818990E-003  1.682913285558858E-003
  6.366513367260123E-004 -1.003157817335173E-003  1.618904102165842E-003
  6.139765095150433E-004 -9.665883883428934E-004  1.557476141374166E-003
  5.921276584077838E-004 -9.314049715859047E-004  1.498516609038363E-003
  5.710735141760539E-004 -8.975519651667255E-004  1.441918167698628E-003
  5.507840598740204E-004 -8.649761793182689E-004  1.387578639830728E-003
  5.312304766401076E-004 -8.336267207979000E-004  1.335400729379510E-003
  5.123850920885101E-004 -8.034548834985071E-004  1.285291760222306E-003
  4.942213311515428E-004 -7.744140448995925E-004  1.237163430448026E-003
  4.767136692424581E-004 -7.464595680065260E-004  1.190931581382114E-003
  4.598375876161726E-004 -7.195487084503479E-004  1.146515980321851E-003
  4.435695308126530E-004 -6.936405264423166E-004  1.103840116124781E-003
  4.278868660744657E-004 -6.686958032976106E-004  1.062831006745254E-003
  4.127678446364317E-004 -6.446769622618417E-004  1.023419017963927E-003
  3.981915647911780E-004 -6.215479933909516E-004  9.855376925840113E-004
  3.841379366399771E-004 -5.992743822517753E-004  9.491235893766099E-004
  3.705876484434340E-004 -5.778230422252183E-004  9.141161312162077E-004
  3.575221344914469E-004 -5.571622502079769E-004  8.804574617515472E-004
  3.449235444164044E-004 -5.372615855218840E-004  8.480923101238687E-004
  3.327747138778488E-004 -5.180918718518306E-004  8.169678631900410E-004
  3.210591365508212E-004 -4.996251220442132E-004  7.870336448371997E-004
  3.097609373538557E-004 -4.818344856087719E-004  7.582414018546218E-004
  2.988648468560897E-004 -4.646941987759385E-004  7.305449960930881E-004
  2.883561768062678E-004 -4.481795369708334E-004  7.039003023980252E-004
  2.782207967295030E-004 -4.322667695739505E-004  6.782651120572279E-004
  2.684451115405701E-004 -4.169331168457862E-004  6.535990413952716E-004
  2.590160401252436E-004 -4.021567089003929E-004  6.298634452118724E-004
  2.499209948437606E-004 -3.879165466195243E-004  6.070213347857435E-004
  2.411478619129101E-004 -3.741924644056203E-004  5.850373001512782E-004
  2.326849826255221E-004 -3.609650946774136E-004  5.638774364595813E-004
  2.245211353682872E-004 -3.482158340179501E-004  5.435092740906660E-004
  2.166455184008403E-004 -3.359268108899663E-004  5.239017124023019E-004
  2.090477333609594E-004 -3.240808548381348E-004  5.050249568334690E-004
  2.017177694625181E-004 -3.126614671026391E-004  4.868504592144295E-004
  1.946459883545276E-004 -3.016527925726300E-004  4.693508610759345E-004
  1.878231096111980E-004 -2.910395930121443E-004  4.524999398154685E-004
  1.812401968244602E-004 -2.808072214948941E-004  4.362725575296821E-004
  1.748886442718102E-004 -2.709415979877806E-004  4.206446124051998E-004
  1.687601641336881E-004 -2.614291860263468E-004  4.055929924830415E-004
  1.628467742358679E-004 -2.522569704285966E-004  3.910955317029337E-004
  1.571407862935448E-004 -2.434124359962174E-004  3.771309680941931E-004
  1.516347946349367E-004 -2.348835471554167E-004  3.636789039709979E-004
  1.463216653832947E-004 -2.266587284918289E-004  3.507197680792134E-004
  1.411945260772363E-004 -2.187268461364647E-004  3.382347795288800E-004
  1.362467557102754E-004 -2.110771899621158E-004  3.262059134664990E-004
  1.314719751713385E-004 -2.036994565515393E-004  3.146158683668256E-004
  1.268640380689194E-004 -1.965837329008946E-004  3.034480348778772E-004
  1.224170219223441E-004 -1.897204808238590E-004  2.926864661155474E-004
  1.181252197043978E-004 -1.831005220235452E-004  2.823158493650838E-004
  1.139831317202892E-004 -1.767150238010662E-004  2.723214790800521E-004
  1.099854578086487E-004 -1.705554853712448E-004  2.626892311484426E-004
  1.061270898508966E-004 -1.646137247573945E-004  2.534055383286131E-004
  1.024031045759600E-004 -1.588818662385826E-004  2.444573668254121E-004
  9.880875664791092E-005 -1.533523283240870E-004  2.358321939226433E-004
  9.533947202466422E-005 -1.480178122310529E-004  2.275179866431219E-004
  9.199084157641404E-005 -1.428712908425373E-004  2.195031813627555E-004
  8.875861495299881E-005 -1.379059981242856E-004  2.117766643514676E-004
  8.563869468987162E-005 -1.331154189796123E-004  2.043277531790161E-004
  8.262713054281551E-005 -1.284932795227946E-004  1.971461789576301E-004
  7.972011404198337E-005 -1.240335377523854E-004  1.902220693628083E-004
  7.691397325625929E-005 -1.197303746066836E-004  1.835459324187321E-004
  7.420516775933905E-005 -1.155781853844661E-004  1.771086409867150E-004
  7.159028378930394E-005 -1.115715715150062E-004  1.709014179379807E-004
  6.906602959382390E-005 -1.077053326620015E-004  1.649158219779969E-004
  6.662923095347024E-005 -1.039744591469067E-004  1.591437340789361E-004
  6.427682687594383E-005 -1.003741246777845E-004  1.535773445102398E-004
  6.200586545433804E-005 -9.689967937045523E-005  1.482091404193093E-004
  5.981349988285132E-005 -9.354664304937012E-005  1.430318939543811E-004
  5.769698462364883E-005 -9.031069881617289E-005  1.380386508904600E-004
  5.565367171884120E-005 -8.718768687454043E-005  1.332227197433297E-004
  5.368100724180671E-005 -8.417359860035813E-005  1.285776613460052E-004
  5.177652788232845E-005 -8.126457084683671E-005  1.240972788655484E-004
  4.993785766025180E-005 -7.845688047462666E-005  1.197756082431954E-004
  4.816270476259182E-005 -7.574693909746253E-005  1.156069090335409E-004
  4.644885849923234E-005 -7.313128803427349E-005  1.115856556319357E-004
  4.479418637256339E-005 -7.060659345913667E-005  1.077065288626639E-004
  4.319663125659650E-005 -6.816964174083314E-005  1.039644079221115E-004
  4.165420868128414E-005 -6.581733496410001E-005  1.003543626536542E-004
  4.016500421794643E-005 -6.354668662509454E-005  9.687164614091858E-005
  3.872717096187722E-005 -6.135481749385432E-005  9.351168760942272E-005
  3.733892710836410E-005 -5.923895163689939E-005  9.027008561518163E-005
  3.599855361851083E-005 -5.719641259340933E-005  8.714260151675504E-005
  3.470439197139913E-005 -5.522461969869888E-005  8.412515320900401E-005
  3.345484199926724E-005 -5.332108454899996E-005  8.121380911562068E-005
  3.224835980251842E-005 -5.148340760180884E-005  7.840478242153800E-005
  3.108345574150213E-005 -4.970927490631888E-005  7.569442554154873E-005
  2.995869250213102E-005 -4.799645495868577E-005  7.307922480862806E-005
  2.887268323252094E-005 -4.634279567711970E-005  7.055579537782059E-005
  2.782408974794800E-005 -4.474622149198718E-005  6.812087633262640E-005
  2.681162080152870E-005 -4.320473054634259E-005  6.577132598682830E-005
  2.583403041813129E-005 -4.171639200248738E-005  6.350411737321981E-005
  2.489011628912573E-005 -4.027934345035215E-005  6.131633391065845E-005
  2.397871822567430E-005 -3.889178841367394E-005  5.920516524262495E-005
  2.309871666835603E-005 -3.755199395011024E-005  5.716790323942353E-005
  2.224903125100437E-005 -3.625828834161052E-005  5.520193815631986E-005
  2.142861941672102E-005 -3.500905887151060E-005  5.330475494274478E-005
  2.063647508410829E-005 -3.380274968495517E-005  5.147392969530071E-005
  1.987162736183883E-005 -3.263785972943104E-005  4.970712624642928E-005
  1.913313930975373E-005 -3.151294077230333E-005  4.800209288735611E-005
  1.842010674475090E-005 -3.042659549238365E-005  4.635665921479695E-005
  1.773165708979150E-005 -2.937747564269751E-005  4.476873309997535E-005
  1.706694826441681E-005 -2.836428028173252E-005  4.323629777143897E-005
  1.642516761522872E-005 -2.738575407056145E-005  4.175740901041985E-005
  1.580553088484609E-005 -2.644068563334914E-005  4.033019245002747E-005
  1.520728121790489E-005 -2.552790597887323E-005  3.895284097646233E-005
  1.462968820272384E-005 -2.464628698076314E-005  3.762361222759423E-005
  1.407204694730872E-005 -2.379473991428930E-005  3.634082618250501E-005
  1.353367718841744E-005 -2.297221404761707E-005  3.510286284118249E-005
  1.301392243245475E-005 -2.217769528553325E-005  3.390815998713880E-005
  1.251214912701064E-005 -2.141020486373927E-005  3.275521103260648E-005
  1.202774586189901E-005 -2.066879809189969E-005  3.164256293852057E-005
  1.156012259859407E-005 -1.995256314371032E-005  3.056881421046098E-005
  1.110870992700125E-005 -1.926061989232714E-005  2.953261296272091E-005
  1.067295834853610E-005 -1.859211878958556E-005  2.853265505066064E-005
  1.025233758452063E-005 -1.794623978749967E-005  2.756768226595589E-005
  9.846335908939980E-006 -1.732219130061617E-005  2.663648059276024E-005
  9.454459504634602E-006 -1.671920920785549E-005  2.573787852172687E-005
  9.076231842033760E-006 -1.613655589254947E-005  2.487074541828145E-005
  8.711193079565120E-006 -1.557351931943686E-005  2.403398994422357E-005
  8.358899484903082E-006 -1.502941214745534E-005  2.322655852688807E-005
  8.018922876244341E-006 -1.450357087721228E-005  2.244743387781692E-005
  7.690850082824944E-006 -1.399535503207961E-005  2.169563355356583E-005
  7.374282423915222E-006 -1.350414637191545E-005  2.097020856091202E-005
  7.068835205553655E-006 -1.302934813845374E-005  2.027024200105424E-005
  6.774137234300083E-006 -1.257038433146060E-005  1.959484775303202E-005
  6.489830347310234E-006 -1.212669901479193E-005  1.894316919310779E-005
  6.215568958052538E-006 -1.169775565152799E-005  1.831437794980315E-005
  5.951019617006939E-006 -1.128303646739108E-005  1.770767269221227E-005
  5.695860586703241E-006 -1.088204184168560E-005  1.712227795113781E-005
  5.449781430473898E-006 -1.049428972501454E-005  1.655744297217204E-005
  5.212482614313052E-006 -1.011931508304902E-005  1.601244059968235E-005
  4.983675121250212E-006 -9.756669365630868E-006  1.548656619242784E-005
  4.763080077663569E-006 -9.405920000486062E-006  1.497913657026406E-005
  4.550428390974596E-006 -9.066649910823012E-006  1.448948899283281E-005
  4.345460398182579E-006 -8.738457056061730E-006  1.401698017174743E-005
  4.147925524715398E-006 -8.420953994913969E-006  1.356098531702539E-005
  3.957581953091291E-006 -8.113767469990546E-006  1.312089722083022E-005
  3.774196300905976E-006 -7.816538013049352E-006  1.269612538090206E-005
  3.597543307680678E-006 -7.528919569937478E-006  1.228609516651633E-005
  3.427405530129270E-006 -7.250579144190586E-006  1.189024703197919E-005
  3.263573045427860E-006 -6.981196458154602E-006  1.150803578116162E-005
  3.105843162097395E-006 -6.720463630386905E-006  1.113892988894686E-005
  2.954020138139999E-006 -6.468084867965986E-006  1.078241088484860E-005
  2.807914906102791E-006 -6.223776172204104E-006  1.043797280522452E-005
  2.667344804779351E-006 -5.987265056109182E-006  1.010512172053650E-005
  2.532133317298757E-006 -5.758290271790424E-006  9.783375344388292E-006
  2.402109815395543E-006 -5.536601545845795E-006  9.472262731194788E-006
  2.277109309700857E-006 -5.321959320612850E-006  9.171324069225742E-006
  2.156972205945612E-006 -5.114134499020739E-006  8.880110574770714E-006
  2.041544067020060E-006 -4.912908190645372E-006  8.598184493466111E-006
  1.930675380890770E-006 -4.718071456461040E-006  8.325119212195172E-006
  1.824221334434665E-006 -4.529425049702498E-006  8.060499485027218E-006
  1.722041593309898E-006 -4.346779150213448E-006  7.803921773042848E-006
  1.624000088043632E-006 -4.169953089668997E-006  7.554994697186241E-006
  1.529964806576390E-006 -3.998775065131710E-006  7.313339598742638E-006
  1.439807593559455E-006 -3.833081838546162E-006  7.078591200227091E-006
  1.353403956754723E-006 -3.672718419993321E-006  6.850398355101046E-006
  1.270632880933133E-006 -3.517537732833081E-006  6.628424871226286E-006
  1.191376649706680E-006 -3.367400259255424E-006  6.412350389108184E-006
  1.115520675757432E-006 -3.222173665240817E-006  6.201871292121301E-006
  1.042953339944067E-006 -3.081732404497359E-006  5.996701622362774E-006
  9.735658397687133E-007 -2.945957301584387E-006  5.796573972627228E-006
  9.072520476742663E-007 -2.814735115139650E-006  5.601240322618621E-006
  8.439083796125508E-007 -2.687958082880711E-006  5.410472785806917E-006
  7.834336742763143E-007 -2.565523450827655E-006  5.224064233092581E-006
  7.257290833227620E-007 -2.447332989968144E-006  5.041828759885031E-006
  6.706979728335340E-007 -2.333292504327406E-006  4.863601965582915E-006
  6.182458361568763E-007 -2.223311335078538E-006  4.689241018027330E-006
  5.682802181641337E-007 -2.117301865910973E-006  4.518624479765984E-006
  5.207106508271381E-007 -2.015179035312517E-006  4.351651881284068E-006
  4.754485998889473E-007 -1.916859861757760E-006  4.188243026739780E-006
  4.324074222615117E-007 -1.822262987744427E-006  4.028337051117823E-006
  3.915023336443213E-007 -1.731308249191263E-006  3.871891160200569E-006
  3.526503857230982E-007 -1.643916273967275E-006  3.718879360280271E-006
  3.157704521791303E-007 -1.560008122284764E-006  3.569290092202816E-006
  2.807832226318919E-007 -1.479504945059289E-006  3.423127036737932E-006
  2.476112035174601E-007 -1.402327772808615E-006  3.280396970734971E-006
  2.161787249153588E-007 -1.328397023032763E-006  3.141146363389521E-006
  1.864119519519914E-007 -1.257633310507965E-006  3.005311610312131E-006
  1.582389006299225E-007 -1.189953525818106E-006  2.873279795129010E-006
  1.315894531916843E-007 -1.125285194944409E-006  2.743740055339057E-006
  1.063953860664059E-007 -1.063511383626127E-006  2.621865020993563E-006
  8.259035572729938E-008 -1.004680564657704E-006  2.488114987773494E-006
  6.011004396729500E-008 -9.482069577375206E-007  2.417120183948291E-006
  3.889169673401886E-008 -8.959175445983297E-007  2.124680533713721E-006
  1.887594327658246E-008 -8.404455827350392E-007  2.693552853801241E-006
  0.000000000000000E+000 -8.094349094932679E-007  0.000000000000000E+000
