          -7.3971938           0.0000000           0.0000000           0.0000000           0.0000000           0.0000000           0.0000000
          -7.3922931           0.9467806           0.9436559           0.6695560           0.0000000           0.0000000           0.0000000
          -7.3873923           0.9466658           0.9435230           0.6681720           0.0000000           0.0000000           0.0000000
          -7.3824916           0.9465509           0.9433900           0.6667866           0.0000000           0.0000000           0.0000000
          -7.3775909           0.9464362           0.9432570           0.6653999           0.0000000           0.0000000           0.0000000
          -7.3726901           0.9463215           0.9431240           0.6640118           0.0000000           0.0000000           0.0000000
          -7.3677894           0.0000000           0.0000000           0.0000000           0.0000000           0.0000000           0.0000000
          -7.3628887           0.0000000           0.0000000           0.0000000           0.0000000           0.0000000           0.0000000
          -7.3579879           0.0000000           0.0000000           0.0000000           0.0000000           0.0000000           0.0000000
          -7.3530872           0.0000000           0.0000000           0.0000000           0.0000000           0.0000000           0.0000000
          -7.3481865           0.0000000           0.0000000           0.0000000           0.0000000           0.0000000           0.0000000
          -7.3432857           0.0000000           0.0000000           0.0000000           0.0000000           0.0000000           0.0000000
          -7.3383850           0.0000000           0.0000000           0.0000000           0.0000000           0.0000000           0.0000000
          -7.3334843           0.0000000           0.0000000           0.0000000           0.0000000           0.0000000           0.0000000
          -7.3285835           0.0000000           0.0000000           0.0000000           0.0000000           0.0000000           0.0000000
          -7.3236828           0.0000000           0.0000000           0.0000000           0.0000000           0.0000000           0.0000000
          -7.3187820           0.0000000           0.0000000           0.0000000           0.0000000           0.0000000           0.0000000
          -7.3138813           0.0000000           0.0000000           0.0000000           0.0000000           0.0000000           0.0000000
          -7.3089806           0.0000000           0.0000000           0.0000000           0.0000000           0.0000000           0.0000000
          -7.3040798           0.0000000           0.0000000           0.0000000           0.0000000           0.0000000           0.0000000
          -7.2991791           0.0000000           0.0000000           0.0000000           0.0000000           0.0000000           0.0000000
          -7.2942784           0.0000000           0.0000000           0.0000000           0.0000000           0.0000000           0.0000000
          -7.2893776           0.0000000           0.0000000           0.0000000           0.0000000           0.0000000           0.0000000
          -7.2844769           0.0000000           0.0000000           0.0000000           0.0000000           0.0000000           0.0000000
          -7.2795762           0.0000000           0.0000000           0.0000000           0.0000000           0.0000000           0.0000000
          -7.2746754           0.0000000           0.0000000           0.0000000           0.0000000           0.0000000           0.0000000
          -7.2697747           0.0000000           0.0000000           0.0000000           0.0000000           0.0000000           0.0000000
          -7.2648740           0.0000000           0.0000000           0.0000000           0.0000000           0.0000000           0.0000000
          -7.2599732           0.0000000           0.0000000           0.0000000           0.0000000           0.0000000           0.0000000
          -7.2550725           0.0000000           0.0000000           0.0000000           0.0000000           0.0000000           0.0000000
          -7.2501718           0.0000000           0.0000000           0.0000000           0.0000000           0.0000000           0.0000000
          -7.2452710           0.0000000           0.0000000           0.0000000           0.0000000           0.0000000           0.0000000
          -7.2403703           0.0000000           0.0000000           0.0000000           0.0000000           0.0000000           0.0000000
          -7.2354695           0.0000000           0.0000000           0.0000000           0.0000000           0.0000000           0.0000000
          -7.2305688           0.0000000           0.0000000           0.0000000           0.0000000           0.0000000           0.0000000
          -7.2256681           0.0000000           0.0000000           0.0000000           0.0000000           0.0000000           0.0000000
          -7.2207673           0.0000000           0.0000000           0.0000000           0.0000000           0.0000000           0.0000000
          -7.2158666           0.0000000           0.0000000           0.0000000           0.0000000           0.0000000           0.0000000
          -7.2109659           0.0000000           0.0000000           0.0000000           0.0000000           0.0000000           0.0000000
          -7.2060651           0.0000000           0.0000000           0.0000000           0.0000000           0.0000000           0.0000000
          -7.2011644           0.0000000           0.0000000           0.0000000           0.0000000           0.0000000           0.0000000
          -7.1962637           0.0000000           0.0000000           0.0000000           0.0000000           0.0000000           0.0000000
          -7.1913629           0.0000000           0.0000000           0.0000000           0.0000000           0.0000000           0.0000000
          -7.1864622           0.0000000           0.0000000           0.0000000           0.0000000           0.0000000           0.0000000
          -7.1815615           0.0000000           0.0000000           0.0000000           0.0000000           0.0000000           0.0000000
          -7.1766607           0.0000000           0.0000000           0.0000000           0.0000000           0.0000000           0.0000000
          -7.1717600           0.0000000           0.0000000           0.0000000           0.0000000           0.0000000           0.0000000
          -7.1668592           0.0000000           0.0000000           0.0000000           0.0000000           0.0000000           0.0000000
          -7.1619585           0.0000000           0.0000000           0.0000000           0.0000000           0.0000000           0.0000000
          -7.1570578           0.0000000           0.0000000           0.0000000           0.0000000           0.0000000           0.0000000
          -7.1521570           0.0000000           0.0000000           0.0000000           0.0000000           0.0000000           0.0000000
          -7.1472563           0.0000000           0.0000000           0.0000000           0.0000000           0.0000000           0.0000000
          -7.1423556           0.0000000           0.0000000           0.0000000           0.0000000           0.0000000           0.0000000
          -7.1374548           0.0000000           0.0000000           0.0000000           0.0000000           0.0000000           0.0000000
          -7.1325541           0.0000000           0.0000000           0.0000000           0.0000000           0.0000000           0.0000000
          -7.1276534           0.0000000           0.0000000           0.0000000           0.0000000           0.0000000           0.0000000
          -7.1227526           0.0000000           0.0000000           0.0000000           0.0000000           0.0000000           0.0000000
          -7.1178519           0.0000000           0.0000000           0.0000000           0.0000000           0.0000000           0.0000000
          -7.1129512           0.0000000           0.0000000           0.0000000           0.0000000           0.0000000           0.0000000
          -7.1080504           0.0000000           0.0000000           0.0000000           0.0000000           0.0000000           0.0000000
          -7.1031497           0.0000000           0.0000000           0.0000000           0.0000000           0.0000000           0.0000000
          -7.0982489           0.0000000           0.0000000           0.0000000           0.0000000           0.0000000           0.0000000
          -7.0933482           0.0000000           0.0000000           0.0000000           0.0000000           0.0000000           0.0000000
          -7.0884475           0.0000000           0.0000000           0.0000000           0.0000000           0.0000000           0.0000000
          -7.0835467           0.0000000           0.0000000           0.0000000           0.0000000           0.0000000           0.0000000
          -7.0786460           0.0000000           0.0000000           0.0000000           0.0000000           0.0000000           0.0000000
          -7.0737453           0.0000000           0.0000000           0.0000000           0.0000000           0.0000000           0.0000000
          -7.0688445           0.0000000           0.0000000           0.0000000           0.0000000           0.0000000           0.0000000
          -7.0639438           0.0000000           0.0000000           0.0000000           0.0000000           0.0000000           0.0000000
          -7.0590431           0.0000000           0.0000000           0.0000000           0.0000000           0.0000000           0.0000000
          -7.0541423           0.0000000           0.0000000           0.0000000           0.0000000           0.0000000           0.0000000
          -7.0492416           0.0000000           0.0000000           0.0000000           0.0000000           0.0000000           0.0000000
          -7.0443409           0.0000000           0.0000000           0.0000000           0.0000000           0.0000000           0.0000000
          -7.0394401           0.0000000           0.0000000           0.0000000           0.0000000           0.0000000           0.0000000
          -7.0345394           0.0000000           0.0000000           0.0000000           0.0000000           0.0000000           0.0000000
          -7.0296386           0.0000000           0.0000000           0.0000000           0.0000000           0.0000000           0.0000000
          -7.0247379           0.0000000           0.0000000           0.0000000           0.0000000           0.0000000           0.0000000
          -7.0198372           0.0000000           0.0000000           0.0000000           0.0000000           0.0000000           0.0000000
          -7.0149364           0.0000000           0.0000000           0.0000000           0.0000000           0.0000000           0.0000000
          -7.0100357           0.0000000           0.0000000           0.0000000           0.0000000           0.0000000           0.0000000
          -7.0051350           0.0000000           0.0000000           0.0000000           0.0000000           0.0000000           0.0000000
          -7.0002342           0.0000000           0.0000000           0.0000000           0.0000000           0.0000000           0.0000000
          -6.9953335           0.0000000           0.0000000           0.0000000           0.0000000           0.0000000           0.0000000
          -6.9904328           0.0000000           0.0000000           0.0000000           0.0000000           0.0000000           0.0000000
          -6.9855320           0.0000000           0.0000000           0.0000000           0.0000000           0.0000000           0.0000000
          -6.9806313           0.0000000           0.0000000           0.0000000           0.0000000           0.0000000           0.0000000
          -6.9757306           0.0000000           0.0000000           0.0000000           0.0000000           0.0000000           0.0000000
          -6.9708298           0.0000000           0.0000000           0.0000000           0.0000000           0.0000000           0.0000000
          -6.9659291           0.0000000           0.0000000           0.0000000           0.0000000           0.0000000           0.0000000
          -6.9610283           0.0000000           0.0000000           0.0000000           0.0000000           0.0000000           0.0000000
          -6.9561276           0.0000000           0.0000000           0.0000000           0.0000000           0.0000000           0.0000000
          -6.9512269           0.0000000           0.0000000           0.0000000           0.0000000           0.0000000           0.0000000
          -6.9463261           0.0000000           0.0000000           0.0000000           0.0000000           0.0000000           0.0000000
          -6.9414254           0.0000000           0.0000000           0.0000000           0.0000000           0.0000000           0.0000000
          -6.9365247           0.0000000           0.0000000           0.0000000           0.0000000           0.0000000           0.0000000
          -6.9316239           0.0000000           0.0000000           0.0000000           0.0000000           0.0000000           0.0000000
          -6.9267232           0.0000000           0.0000000           0.0000000           0.0000000           0.0000000           0.0000000
          -6.9218225           0.0000000           0.0000000           0.0000000           0.0000000           0.0000000           0.0000000
          -6.9169217           0.0000000           0.0000000           0.0000000           0.0000000           0.0000000           0.0000000
          -6.9120210           0.0000000           0.0000000           0.0000000           0.0000000           0.0000000           0.0000000
          -6.9071203           0.0000000           0.0000000           0.0000000           0.0000000           0.0000000           0.0000000
          -6.9022195           0.0000000           0.0000000           0.0000000           0.0000000           0.0000000           0.0000000
          -6.8973188           0.0000000           0.0000000           0.0000000           0.0000000           0.0000000           0.0000000
          -6.8924180           0.0000000           0.0000000           0.0000000           0.0000000           0.0000000           0.0000000
          -6.8875173           0.0000000           0.0000000           0.0000000           0.0000000           0.0000000           0.0000000
          -6.8826166           0.0000000           0.0000000           0.0000000           0.0000000           0.0000000           0.0000000
          -6.8777158           0.0000000           0.0000000           0.0000000           0.0000000           0.0000000           0.0000000
          -6.8728151           0.0000000           0.0000000           0.0000000           0.0000000           0.0000000           0.0000000
          -6.8679144           0.0000000           0.0000000           0.0000000           0.0000000           0.0000000           0.0000000
          -6.8630136           0.0000000           0.0000000           0.0000000           0.0000000           0.0000000           0.0000000
          -6.8581129           0.0000000           0.0000000           0.0000000           0.0000000           0.0000000           0.0000000
          -6.8532122           0.0000000           0.0000000           0.0000000           0.0000000           0.0000000           0.0000000
          -6.8483114           0.0000000           0.0000000           0.0000000           0.0000000           0.0000000           0.0000000
          -6.8434107           0.0000000           0.0000000           0.0000000           0.0000000           0.0000000           0.0000000
          -6.8385100           0.0000000           0.0000000           0.0000000           0.0000000           0.0000000           0.0000000
          -6.8336092           0.0000000           0.0000000           0.0000000           0.0000000           0.0000000           0.0000000
          -6.8287085           0.0000000           0.0000000           0.0000000           0.0000000           0.0000000           0.0000000
          -6.8238077           0.0000000           0.0000000           0.0000000           0.0000000           0.0000000           0.0000000
          -6.8189070           0.0000000           0.0000000           0.0000000           0.0000000           0.0000000           0.0000000
          -6.8140063           0.0000000           0.0000000           0.0000000           0.0000000           0.0000000           0.0000000
          -6.8091055           0.0000000           0.0000000           0.0000000           0.0000000           0.0000000           0.0000000
          -6.8042048           0.0000000           0.0000000           0.0000000           0.0000000           0.0000000           0.0000000
          -6.7993041           0.0000000           0.0000000           0.0000000           0.0000000           0.0000000           0.0000000
          -6.7944033           0.0000000           0.0000000           0.0000000           0.0000000           0.0000000           0.0000000
          -6.7895026           0.0000000           0.0000000           0.0000000           0.0000000           0.0000000           0.0000000
          -6.7846019           0.0000000           0.0000000           0.0000000           0.0000000           0.0000000           0.0000000
          -6.7797011           0.0000000           0.0000000           0.0000000           0.0000000           0.0000000           0.0000000
          -6.7748004           0.0000000           0.0000000           0.0000000           0.0000000           0.0000000           0.0000000
          -6.7698997           0.0000000           0.0000000           0.0000000           0.0000000           0.0000000           0.0000000
          -6.7649989           0.0000000           0.0000000           0.0000000           0.0000000           0.0000000           0.0000000
          -6.7600982           0.0000000           0.0000000           0.0000000           0.0000000           0.0000000           0.0000000
          -6.7551974           0.0000000           0.0000000           0.0000000           0.0000000           0.0000000           0.0000000
          -6.7502967           0.0000000           0.0000000           0.0000000           0.0000000           0.0000000           0.0000000
          -6.7453960           0.0000000           0.0000000           0.0000000           0.0000000           0.0000000           0.0000000
          -6.7404952           0.0000000           0.0000000           0.0000000           0.0000000           0.0000000           0.0000000
          -6.7355945           0.0000000           0.0000000           0.0000000           0.0000000           0.0000000           0.0000000
          -6.7306938           0.0000000           0.0000000           0.0000000           0.0000000           0.0000000           0.0000000
          -6.7257930           0.0000000           0.0000000           0.0000000           0.0000000           0.0000000           0.0000000
          -6.7208923           0.0000000           0.0000000           0.0000000           0.0000000           0.0000000           0.0000000
          -6.7159916           0.0000000           0.0000000           0.0000000           0.0000000           0.0000000           0.0000000
          -6.7110908           0.0000000           0.0000000           0.0000000           0.0000000           0.0000000           0.0000000
          -6.7061901           0.0000000           0.0000000           0.0000000           0.0000000           0.0000000           0.0000000
          -6.7012894           0.0000000           0.0000000           0.0000000           0.0000000           0.0000000           0.0000000
          -6.6963886           0.0000000           0.0000000           0.0000000           0.0000000           0.0000000           0.0000000
          -6.6914879           0.0000000           0.0000000           0.0000000           0.0000000           0.0000000           0.0000000
          -6.6865871           0.0000000           0.0000000           0.0000000           0.0000000           0.0000000           0.0000000
          -6.6816864           0.0000000           0.0000000           0.0000000           0.0000000           0.0000000           0.0000000
          -6.6767857           0.0000000           0.0000000           0.0000000           0.0000000           0.0000000           0.0000000
          -6.6718849           0.0000000           0.0000000           0.0000000           0.0000000           0.0000000           0.0000000
          -6.6669842           0.0000000           0.0000000           0.0000000           0.0000000           0.0000000           0.0000000
          -6.6620835           0.0000000           0.0000000           0.0000000           0.0000000           0.0000000           0.0000000
          -6.6571827           0.0000000           0.0000000           0.0000000           0.0000000           0.0000000           0.0000000
          -6.6522820           0.0000000           0.0000000           0.0000000           0.0000000           0.0000000           0.0000000
          -6.6473813           0.0000000           0.0000000           0.0000000           0.0000000           0.0000000           0.0000000
          -6.6424805           0.0000000           0.0000000           0.0000000           0.0000000           0.0000000           0.0000000
          -6.6375798           0.0000000           0.0000000           0.0000000           0.0000000           0.0000000           0.0000000
          -6.6326791           0.0000000           0.0000000           0.0000000           0.0000000           0.0000000           0.0000000
          -6.6277783           0.0000000           0.0000000           0.0000000           0.0000000           0.0000000           0.0000000
          -6.6228776           0.0000000           0.0000000           0.0000000           0.0000000           0.0000000           0.0000000
          -6.6179768           0.0000000           0.0000000           0.0000000           0.0000000           0.0000000           0.0000000
          -6.6130761           0.0000000           0.0000000           0.0000000           0.0000000           0.0000000           0.0000000
          -6.6081754           0.0000000           0.0000000           0.0000000           0.0000000           0.0000000           0.0000000
          -6.6032746           0.0000000           0.0000000           0.0000000           0.0000000           0.0000000           0.0000000
          -6.5983739           0.0000000           0.0000000           0.0000000           0.0000000           0.0000000           0.0000000
          -6.5934732           0.0000000           0.0000000           0.0000000           0.0000000           0.0000000           0.0000000
          -6.5885724           0.0000000           0.0000000           0.0000000           0.0000000           0.0000000           0.0000000
          -6.5836717           0.0000000           0.0000000           0.0000000           0.0000000           0.0000000           0.0000000
          -6.5787710           0.0000000           0.0000000           0.0000000           0.0000000           0.0000000           0.0000000
          -6.5738702           0.0000000           0.0000000           0.0000000           0.0000000           0.0000000           0.0000000
          -6.5689695           0.0000000           0.0000000           0.0000000           0.0000000           0.0000000           0.0000000
          -6.5640688           0.0000000           0.0000000           0.0000000           0.0000000           0.0000000           0.0000000
          -6.5591680           0.0000000           0.0000000           0.0000000           0.0000000           0.0000000           0.0000000
          -6.5542673           0.0000000           0.0000000           0.0000000           0.0000000           0.0000000           0.0000000
          -6.5493665           0.0000000           0.0000000           0.0000000           0.0000000           0.0000000           0.0000000
          -6.5444658           0.0000000           0.0000000           0.0000000           0.0000000           0.0000000           0.0000000
          -6.5395651           0.0000000           0.0000000           0.0000000           0.0000000           0.0000000           0.0000000
          -6.5346643           0.0000000           0.0000000           0.0000000           0.0000000           0.0000000           0.0000000
          -6.5297636           0.0000000           0.0000000           0.0000000           0.0000000           0.0000000           0.0000000
          -6.5248629           0.0000000           0.0000000           0.0000000           0.0000000           0.0000000           0.0000000
          -6.5199621           0.0000000           0.0000000           0.0000000           0.0000000           0.0000000           0.0000000
          -6.5150614           0.0000000           0.0000000           0.0000000           0.0000000           0.0000000           0.0000000
          -6.5101607           0.0000000           0.0000000           0.0000000           0.0000000           0.0000000           0.0000000
          -6.5052599           0.0000000           0.0000000           0.0000000           0.0000000           0.0000000           0.0000000
          -6.5003592           0.0000000           0.0000000           0.0000000           0.0000000           0.0000000           0.0000000
          -6.4954585           0.0000000           0.0000000           0.0000000           0.0000000           0.0000000           0.0000000
          -6.4905577           0.0000000           0.0000000           0.0000000           0.0000000           0.0000000           0.0000000
          -6.4856570           0.0000000           0.0000000           0.0000000           0.0000000           0.0000000           0.0000000
          -6.4807562           0.0000000           0.0000000           0.0000000           0.0000000           0.0000000           0.0000000
          -6.4758555           0.0000000           0.0000000           0.0000000           0.0000000           0.0000000           0.0000000
          -6.4709548           0.0000000           0.0000000           0.0000000           0.0000000           0.0000000           0.0000000
          -6.4660540           0.0000000           0.0000000           0.0000000           0.0000000           0.0000000           0.0000000
          -6.4611533           0.0000000           0.0000000           0.0000000           0.0000000           0.0000000           0.0000000
          -6.4562526           0.0000000           0.0000000           0.0000000           0.0000000           0.0000000           0.0000000
          -6.4513518           0.0000000           0.0000000           0.0000000           0.0000000           0.0000000           0.0000000
          -6.4464511           0.0000000           0.0000000           0.0000000           0.0000000           0.0000000           0.0000000
          -6.4415504           0.0000000           0.0000000           0.0000000           0.0000000           0.0000000           0.0000000
          -6.4366496           0.0000000           0.0000000           0.0000000           0.0000000           0.0000000           0.0000000
          -6.4317489           0.0000000           0.0000000           0.0000000           0.0000000           0.0000000           0.0000000
          -6.4268482           0.0000000           0.0000000           0.0000000           0.0000000           0.0000000           0.0000000
          -6.4219474           0.0000000           0.0000000           0.0000000           0.0000000           0.0000000           0.0000000
          -6.4005409           0.0000000           0.0000000           0.0000000           0.0000000           0.0000000           0.0000000
          -6.3791344           0.0000000           0.0000000           0.0000000           0.0000000           0.0000000           0.0000000
          -6.3577279           0.0000000           0.0000000           0.0000000           0.0000000           0.0000000           0.0000000
          -6.3363215           0.0000000           0.0000000           0.0000000           0.0000000           0.0000000           0.0000000
          -6.3149150           0.0000000           0.0000000           0.0000000           0.0000000           0.0000000           0.0000000
          -6.2935085           0.0000000           0.0000000           0.0000000           0.0000000           0.0000000           0.0000000
          -6.2721020           0.0000000           0.0000000           0.0000000           0.0000000           0.0000000           0.0000000
          -6.2506955           0.0000000           0.0000000           0.0000000           0.0000000           0.0000000           0.0000000
          -6.2292890           0.0000000           0.0000000           0.0000000           0.0000000           0.0000000           0.0000000
          -6.2078825           0.0000000           0.0000000           0.0000000           0.0000000           0.0000000           0.0000000
          -6.1864760           0.0000000           0.0000000           0.0000000           0.0000000           0.0000000           0.0000000
          -6.1650695           0.0000000           0.0000000           0.0000000           0.0000000           0.0000000           0.0000000
          -6.1436630           0.0000000           0.0000000           0.0000000           0.0000000           0.0000000           0.0000000
          -6.1222565           0.0000000           0.0000000           0.0000000           0.0000000           0.0000000           0.0000000
          -6.1008500           0.0000000           0.0000000           0.0000000           0.0000000           0.0000000           0.0000000
          -6.0794436           0.0000000           0.0000000           0.0000000           0.0000000           0.0000000           0.0000000
          -6.0580371           0.0000000           0.0000000           0.0000000           0.0000000           0.0000000           0.0000000
          -6.0366306           0.0000000           0.0000000           0.0000000           0.0000000           0.0000000           0.0000000
          -6.0152241           0.0000000           0.0000000           0.0000000           0.0000000           0.0000000           0.0000000
          -5.9938176           0.0000000           0.0000000           0.0000000           0.0000000           0.0000000           0.0000000
          -5.9724111           0.0000000           0.0000000           0.0000000           0.0000000           0.0000000           0.0000000
          -5.9510046           0.0000000           0.0000000           0.0000000           0.0000000           0.0000000           0.0000000
          -5.9295981           0.0000000           0.0000000           0.0000000           0.0000000           0.0000000           0.0000000
          -5.9081916           0.0000000           0.0000000           0.0000000           0.0000000           0.0000000           0.0000000
          -5.8867851           0.0000000           0.0000000           0.0000000           0.0000000           0.0000000           0.0000000
          -5.8653786           0.0000000           0.0000000           0.0000000           0.0000000           0.0000000           0.0000000
          -5.8439722           0.0000000           0.0000000           0.0000000           0.0000000           0.0000000           0.0000000
          -5.8225657           0.0000000           0.0000000           0.0000000           0.0000000           0.0000000           0.0000000
          -5.8011592           0.0000000           0.0000000           0.0000000           0.0000000           0.0000000           0.0000000
          -5.7797527           0.0000000           0.0000000           0.0000000           0.0000000           0.0000000           0.0000000
          -5.7583462           0.0000000           0.0000000           0.0000000           0.0000000           0.0000000           0.0000000
          -5.7369397           0.0000000           0.0000000           0.0000000           0.0000000           0.0000000           0.0000000
          -5.7155332           0.0000000           0.0000000           0.0000000           0.0000000           0.0000000           0.0000000
          -5.6941267           0.0000000           0.0000000           0.0000000           0.0000000           0.0000000           0.0000000
          -5.6727202           0.0000000           0.0000000           0.0000000           0.0000000           0.0000000           0.0000000
          -5.6513137           0.0000000           0.0000000           0.0000000           0.0000000           0.0000000           0.0000000
          -5.6299072           0.0000000           0.0000000           0.0000000           0.0000000           0.0000000           0.0000000
          -5.6085007           0.0000000           0.0000000           0.0000000           0.0000000           0.0000000           0.0000000
          -5.5870943           0.0000000           0.0000000           0.0000000           0.0000000           0.0000000           0.0000000
          -5.5656878           0.0000000           0.0000000           0.0000000           0.0000000           0.0000000           0.0000000
          -5.5442813           0.0000000           0.0000000           0.0000000           0.0000000           0.0000000           0.0000000
          -5.5228748           0.0000000           0.0000000           0.0000000           0.0000000           0.0000000           0.0000000
          -5.5014683           0.0000000           0.0000000           0.0000000           0.0000000           0.0000000           0.0000000
          -5.4800618           0.0000000           0.0000000           0.0000000           0.0000000           0.0000000           0.0000000
          -5.4586553           0.0000000           0.0000000           0.0000000           0.0000000           0.0000000           0.0000000
          -5.4372488           0.0000000           0.0000000           0.0000000           0.0000000           0.0000000           0.0000000
          -5.4158423           0.0000000           0.0000000           0.0000000           0.0000000           0.0000000           0.0000000
          -5.3944358           0.0000000           0.0000000           0.0000000           0.0000000           0.0000000           0.0000000
          -5.3730293           0.0000000           0.0000000           0.0000000           0.0000000           0.0000000           0.0000000
          -5.3516228           0.0000000           0.0000000           0.0000000           0.0000000           0.0000000           0.0000000
          -5.3302164           0.0000000           0.0000000           0.0000000           0.0000000           0.0000000           0.0000000
          -5.3088099           0.0000000           0.0000000           0.0000000           0.0000000           0.0000000           0.0000000
          -5.2874034           0.0000000           0.0000000           0.0000000           0.0000000           0.0000000           0.0000000
          -5.2659969           0.0000000           0.0000000           0.0000000           0.0000000           0.0000000           0.0000000
          -5.2445904           0.0000000           0.0000000           0.0000000           0.0000000           0.0000000           0.0000000
          -5.2231839           0.0000000           0.0000000           0.0000000           0.0000000           0.0000000           0.0000000
          -5.2017774           0.0000000           0.0000000           0.0000000           0.0000000           0.0000000           0.0000000
          -5.1803709           0.0000000           0.0000000           0.0000000           0.0000000           0.0000000           0.0000000
          -5.1589644           0.0000000           0.0000000           0.0000000           0.0000000           0.0000000           0.0000000
          -5.1375579           0.0000000           0.0000000           0.0000000           0.0000000           0.0000000           0.0000000
          -5.1161514           0.0000000           0.0000000           0.0000000           0.0000000           0.0000000           0.0000000
          -5.0947450           0.0000000           0.0000000           0.0000000           0.0000000           0.0000000           0.0000000
          -5.0733385           0.0000000           0.0000000           0.0000000           0.0000000           0.0000000           0.0000000
          -5.0519320           0.0000000           0.0000000           0.0000000           0.0000000           0.0000000           0.0000000
          -5.0305255           0.0000000           0.0000000           0.0000000           0.0000000           0.0000000           0.0000000
          -5.0091190           0.0000000           0.0000000           0.0000000           0.0000000           0.0000000           0.0000000
          -4.9877125           0.0000000           0.0000000           0.0000000           0.0000000           0.0000000           0.0000000
          -4.9663060           0.0000000           0.0000000           0.0000000           0.0000000           0.0000000           0.0000000
          -4.9448995           0.0000000           0.0000000           0.0000000           0.0000000           0.0000000           0.0000000
          -4.9234930           0.0000000           0.0000000           0.0000000           0.0000000           0.0000000           0.0000000
          -4.9020865           0.0000000           0.0000000           0.0000000           0.0000000           0.0000000           0.0000000
          -4.8806800           0.0000000           0.0000000           0.0000000           0.0000000           0.0000000           0.0000000
          -4.8592735           0.0000000           0.0000000           0.0000000           0.0000000           0.0000000           0.0000000
          -4.8378671           0.0000000           0.0000000           0.0000000           0.0000000           0.0000000           0.0000000
          -4.8164606           0.0000000           0.0000000           0.0000000           0.0000000           0.0000000           0.0000000
          -4.7950541           0.0000000           0.0000000           0.0000000           0.0000000           0.0000000           0.0000000
          -4.7736476           0.0000000           0.0000000           0.0000000           0.0000000           0.0000000           0.0000000
          -4.7522411           0.0000000           0.0000000           0.0000000           0.0000000           0.0000000           0.0000000
          -4.7308346           0.0000000           0.0000000           0.0000000           0.0000000           0.0000000           0.0000000
          -4.7094281           0.0000000           0.0000000           0.0000000           0.0000000           0.0000000           0.0000000
          -4.6880216           0.0000000           0.0000000           0.0000000           0.0000000           0.0000000           0.0000000
          -4.6666151           0.0000000           0.0000000           0.0000000           0.0000000           0.0000000           0.0000000
          -4.6452086           0.0000000           0.0000000           0.0000000           0.0000000           0.0000000           0.0000000
          -4.6238021           0.0000000           0.0000000           0.0000000           0.0000000           0.0000000           0.0000000
          -4.6023956           0.0000000           0.0000000           0.0000000           0.0000000           0.0000000           0.0000000
          -4.5809892           0.0000000           0.0000000           0.0000000           0.0000000           0.0000000           0.0000000
          -4.5595827           0.0000000           0.0000000           0.0000000           0.0000000           0.0000000           0.0000000
          -4.5381762           0.0000000           0.0000000           0.0000000           0.0000000           0.0000000           0.0000000
          -4.5167697           0.0000000           0.0000000           0.0000000           0.0000000           0.0000000           0.0000000
          -4.4953632           0.0000000           0.0000000           0.0000000           0.0000000           0.0000000           0.0000000
          -4.4739567           0.0000000           0.0000000           0.0000000           0.0000000           0.0000000           0.0000000
          -4.4525502           0.0000000           0.0000000           0.0000000           0.0000000           0.0000000           0.0000000
          -4.4311437           0.0000000           0.0000000           0.0000000           0.0000000           0.0000000           0.0000000
          -4.4097372           0.0000000           0.0000000           0.0000000           0.0000000           0.0000000           0.0000000
          -4.3883307           0.0000000           0.0000000           0.0000000           0.0000000           0.0000000           0.0000000
          -4.3669242           0.0000000           0.0000000           0.0000000           0.0000000           0.0000000           0.0000000
          -4.3455178           0.0000000           0.0000000           0.0000000           0.0000000           0.0000000           0.0000000
          -4.3241113           0.0000000           0.0000000           0.0000000           0.0000000           0.0000000           0.0000000
          -4.3027048           0.0000000           0.0000000           0.0000000           0.0000000           0.0000000           0.0000000
          -4.2812983           0.0000000           0.0000000           0.0000000           0.0000000           0.0000000           0.0000000
          -4.2598918           0.0000000           0.0000000           0.0000000           0.0000000           0.0000000           0.0000000
          -4.2384853           0.0000000           0.0000000           0.0000000           0.0000000           0.0000000           0.0000000
          -4.2170788           0.0000000           0.0000000           0.0000000           0.0000000           0.0000000           0.0000000
          -4.1956723           0.0000000           0.0000000           0.0000000           0.0000000           0.0000000           0.0000000
          -4.1742658           0.0000000           0.0000000           0.0000000           0.0000000           0.0000000           0.0000000
          -4.1528593           0.0000000           0.0000000           0.0000000           0.0000000           0.0000000           0.0000000
          -4.1314528           0.0000000           0.0000000           0.0000000           0.0000000           0.0000000           0.0000000
          -4.1100463           0.0000000           0.0000000           0.0000000           0.0000000           0.0000000           0.0000000
          -4.0886399           0.0000000           0.0000000           0.0000000           0.0000000           0.0000000           0.0000000
          -4.0672334           0.0000000           0.0000000           0.0000000           0.0000000           0.0000000           0.0000000
          -4.0458269           0.0000000           0.0000000           0.0000000           0.0000000           0.0000000           0.0000000
          -4.0244204           0.0000000           0.0000000           0.0000000           0.0000000           0.0000000           0.0000000
          -4.0030139           0.0000000           0.0000000           0.0000000           0.0000000           0.0000000           0.0000000
          -3.9816074           0.0000000           0.0000000           0.0000000           0.0000000           0.0000000           0.0000000
          -3.9602009           0.0000000           0.0000000           0.0000000           0.0000000           0.0000000           0.0000000
          -3.9387944           0.0000000           0.0000000           0.0000000           0.0000000           0.0000000           0.0000000
          -3.9173879           0.0000000           0.0000000           0.0000000           0.0000000           0.0000000           0.0000000
          -3.8959814           0.0000000           0.0000000           0.0000000           0.0000000           0.0000000           0.0000000
          -3.8745749           0.0000000           0.0000000           0.0000000           0.0000000           0.0000000           0.0000000
          -3.8531685           0.0000000           0.0000000           0.0000000           0.0000000           0.0000000           0.0000000
          -3.8317620           0.0000000           0.0000000           0.0000000           0.0000000           0.0000000           0.0000000
          -3.8103555           0.0000000           0.0000000           0.0000000           0.0000000           0.0000000           0.0000000
          -3.7889490           0.0000000           0.0000000           0.0000000           0.0000000           0.0000000           0.0000000
          -3.7675425           0.0000000           0.0000000           0.0000000           0.0000000           0.0000000           0.0000000
          -3.7461360           0.0000000           0.0000000           0.0000000           0.0000000           0.0000000           0.0000000
          -3.7247295           0.0000000           0.0000000           0.0000000           0.0000000           0.0000000           0.0000000
          -3.7033230           0.0000000           0.0000000           0.0000000           0.0000000           0.0000000           0.0000000
          -3.6819165           0.0000000           0.0000000           0.0000000           0.0000000           0.0000000           0.0000000
          -3.6605100           0.0000000           0.0000000           0.0000000           0.0000000           0.0000000           0.0000000
          -3.6391035           0.0000000           0.0000000           0.0000000           0.0000000           0.0000000           0.0000000
          -3.6176970           0.0000000           0.0000000           0.0000000           0.0000000           0.0000000           0.0000000
          -3.5962906           0.0000000           0.0000000           0.0000000           0.0000000           0.0000000           0.0000000
          -3.5748841           0.0000000           0.0000000           0.0000000           0.0000000           0.0000000           0.0000000
          -3.5534776           0.0000000           0.0000000           0.0000000           0.0000000           0.0000000           0.0000000
          -3.5320711           0.0000000           0.0000000           0.0000000           0.0000000           0.0000000           0.0000000
          -3.5106646           0.0000000           0.0000000           0.0000000           0.0000000           0.0000000           0.0000000
          -3.4892581           0.0000000           0.0000000           0.0000000           0.0000000           0.0000000           0.0000000
          -3.4678516           0.0000000           0.0000000           0.0000000           0.0000000           0.0000000           0.0000000
          -3.4464451           0.0000000           0.0000000           0.0000000           0.0000000           0.0000000           0.0000000
          -3.4250386           0.0000000           0.0000000           0.0000000           0.0000000           0.0000000           0.0000000
          -3.4036321           0.0000000           0.0000000           0.0000000           0.0000000           0.0000000           0.0000000
          -3.3822256           0.0000000           0.0000000           0.0000000           0.0000000           0.0000000           0.0000000
          -3.3608191           0.0000000           0.0000000           0.0000000           0.0000000           0.0000000           0.0000000
          -3.3394127           0.0000000           0.0000000           0.0000000           0.0000000           0.0000000           0.0000000
          -3.3180062           0.0000000           0.0000000           0.0000000           0.0000000           0.0000000           0.0000000
          -3.2965997           0.0000000           0.0000000           0.0000000           0.0000000           0.0000000           0.0000000
          -3.2751932           0.0000000           0.0000000           0.0000000           0.0000000           0.0000000           0.0000000
          -3.2537867           0.0000000           0.0000000           0.0000000           0.0000000           0.0000000           0.0000000
          -3.2323802           0.0000000           0.0000000           0.0000000           0.0000000           0.0000000           0.0000000
          -3.2109737           0.0000000           0.0000000           0.0000000           0.0000000           0.0000000           0.0000000
          -3.1895672           0.0000000           0.0000000           0.0000000           0.0000000           0.0000000           0.0000000
          -3.1681607           0.0000000           0.0000000           0.0000000           0.0000000           0.0000000           0.0000000
          -3.1467542           0.0000000           0.0000000           0.0000000           0.0000000           0.0000000           0.0000000
          -3.1253477           0.0000000           0.0000000           0.0000000           0.0000000           0.0000000           0.0000000
          -3.1039413           0.0000000           0.0000000           0.0000000           0.0000000           0.0000000           0.0000000
          -3.0825348           0.0000000           0.0000000           0.0000000           0.0000000           0.0000000           0.0000000
          -3.0611283           0.0000000           0.0000000           0.0000000           0.0000000           0.0000000           0.0000000
          -3.0397218           0.0000000           0.0000000           0.0000000           0.0000000           0.0000000           0.0000000
          -3.0183153           0.0000000           0.0000000           0.0000000           0.0000000           0.0000000           0.0000000
          -2.9969088           0.0000000           0.0000000           0.0000000           0.0000000           0.0000000           0.0000000
          -2.9755023           0.0000000           0.0000000           0.0000000           0.0000000           0.0000000           0.0000000
          -2.9540958           0.0000000           0.0000000           0.0000000           0.0000000           0.0000000           0.0000000
          -2.9326893           0.0000000           0.0000000           0.0000000           0.0000000           0.0000000           0.0000000
          -2.9112828           0.0000000           0.0000000           0.0000000           0.0000000           0.0000000           0.0000000
          -2.8898763           0.0000000           0.0000000           0.0000000           0.0000000           0.0000000           0.0000000
          -2.8684698           0.0000000           0.0000000           0.0000000           0.0000000           0.0000000           0.0000000
          -2.8470634           0.0000000           0.0000000           0.0000000           0.0000000           0.0000000           0.0000000
          -2.8256569           0.0000000           0.0000000           0.0000000           0.0000000           0.0000000           0.0000000
          -2.8042504           0.0000000           0.0000000           0.0000000           0.0000000           0.0000000           0.0000000
          -2.7828439           0.0000000           0.0000000           0.0000000           0.0000000           0.0000000           0.0000000
          -2.7614374           0.0000000           0.0000000           0.0000000           0.0000000           0.0000000           0.0000000
          -2.7400309           0.0000000           0.0000000           0.0000000           0.0000000           0.0000000           0.0000000
          -2.7186244           0.0000000           0.0000000           0.0000000           0.0000000           0.0000000           0.0000000
          -2.6972179           0.0000000           0.0000000           0.0000000           0.0000000           0.0000000           0.0000000
          -2.6758114           0.0000000           0.0000000           0.0000000           0.0000000           0.0000000           0.0000000
          -2.6544049           0.0000000           0.0000000           0.0000000           0.0000000           0.0000000           0.0000000
          -2.6329984           0.0000000           0.0000000           0.0000000           0.0000000           0.0000000           0.0000000
          -2.6115920           0.0000000           0.0000000           0.0000000           0.0000000           0.0000000           0.0000000
          -2.5901855           0.0000000           0.0000000           0.0000000           0.0000000           0.0000000           0.0000000
          -2.5687790           0.0000000           0.0000000           0.0000000           0.0000000           0.0000000           0.0000000
          -2.5473725           0.0000000           0.0000000           0.0000000           0.0000000           0.0000000           0.0000000
          -2.5259660           0.0000000           0.0000000           0.0000000           0.0000000           0.0000000           0.0000000
          -2.5045595           0.0000000           0.0000000           0.0000000           0.0000000           0.0000000           0.0000000
          -2.4831530           0.0000000           0.0000000           0.0000000           0.0000000           0.0000000           0.0000000
          -2.4617465           0.0000000           0.0000000           0.0000000           0.0000000           0.0000000           0.0000000
          -2.4403400           0.0000000           0.0000000           0.0000000           0.0000000           0.0000000           0.0000000
          -2.4189335           0.0000000           0.0000000           0.0000000           0.0000000           0.0000000           0.0000000
          -2.3975270           0.0000000           0.0000000           0.0000000           0.0000000           0.0000000           0.0000000
          -2.3761205           0.0000000           0.0000000           0.0000000           0.0000000           0.0000000           0.0000000
          -2.3547141           0.0000000           0.0000000           0.0000000           0.0000000           0.0000000           0.0000000
          -2.3333076           0.0000000           0.0000000           0.0000000           0.0000000           0.0000000           0.0000000
          -2.3119011           0.0000000           0.0000000           0.0000000           0.0000000           0.0000000           0.0000000
          -2.2904946           0.0000000           0.0000000           0.0000000           0.0000000           0.0000000           0.0000000
          -2.2690881           0.0000000           0.0000000           0.0000000           0.0000000           0.0000000           0.0000000
          -2.2476816           0.0000000           0.0000000           0.0000000           0.0000000           0.0000000           0.0000000
          -2.2262751           0.0000000           0.0000000           0.0000000           0.0000000           0.0000000           0.0000000
          -2.2048686           0.0000000           0.0000000           0.0000000           0.0000000           0.0000000           0.0000000
          -2.1834621           0.0000000           0.0000000           0.0000000           0.0000000           0.0000000           0.0000000
          -2.1620556           0.0000000           0.0000000           0.0000000           0.0000000           0.0000000           0.0000000
          -2.1406491           0.0000000           0.0000000           0.0000000           0.0000000           0.0000000           0.0000000
          -2.1192426           0.0000000           0.0000000           0.0000000           0.0000000           0.0000000           0.0000000
          -2.0978362           0.0000000           0.0000000           0.0000000           0.0000000           0.0000000           0.0000000
          -2.0764297           0.0000000           0.0000000           0.0000000           0.0000000           0.0000000           0.0000000
          -2.0550232           0.0000000           0.0000000           0.0000000           0.0000000           0.0000000           0.0000000
          -2.0336167           0.0000000           0.0000000           0.0000000           0.0000000           0.0000000           0.0000000
          -2.0122102           0.0000000           0.0000000           0.0000000           0.0000000           0.0000000           0.0000000
          -1.9908037           0.0000000           0.0000000           0.0000000           0.0000000           0.0000000           0.0000000
          -1.9693972           0.0000000           0.0000000           0.0000000           0.0000000           0.0000000           0.0000000
          -1.9479907           0.0000000           0.0000000           0.0000000           0.0000000           0.0000000           0.0000000
          -1.9265842           0.0000000           0.0000000           0.0000000           0.0000000           0.0000000           0.0000000
          -1.9051777           0.0000000           0.0000000           0.0000000           0.0000000           0.0000000           0.0000000
          -1.8837712           0.0000000           0.0000000           0.0000000           0.0000000           0.0000000           0.0000000
          -1.8623648           0.0000000           0.0000000           0.0000000           0.0000000           0.0000000           0.0000000
          -1.8409583           0.0000000           0.0000000           0.0000000           0.0000000           0.0000000           0.0000000
          -1.8195518           0.0000000           0.0000000           0.0000000           0.0000000           0.0000000           0.0000000
          -1.7981453           0.0000000           0.0000000           0.0000000           0.0000000           0.0000000           0.0000000
          -1.7767388           0.0000000           0.0000000           0.0000000           0.0000000           0.0000000           0.0000000
          -1.7553323           0.0000000           0.0000000           0.0000000           0.0000000           0.0000000           0.0000000
          -1.7339258           0.0000000           0.0000000           0.0000000           0.0000000           0.0000000           0.0000000
          -1.7125193           0.0000000           0.0000000           0.0000000           0.0000000           0.0000000           0.0000000
          -1.6911128           0.0000000           0.0000000           0.0000000           0.0000000           0.0000000           0.0000000
          -1.6697063           0.0000000           0.0000000           0.0000000           0.0000000           0.0000000           0.0000000
          -1.6482998           0.0000000           0.0000000           0.0000000           0.0000000           0.0000000           0.0000000
          -1.6268933           0.0000000           0.0000000           0.0000000           0.0000000           0.0000000           0.0000000
          -1.6054869           0.0000000           0.0000000           0.0000000           0.0000000           0.0000000           0.0000000
          -1.5840804           0.0000000           0.0000000           0.0000000           0.0000000           0.0000000           0.0000000
          -1.5626739           0.0000000           0.0000000           0.0000000           0.0000000           0.0000000           0.0000000
          -1.5412674           0.0000000           0.0000000           0.0000000           0.0000000           0.0000000           0.0000000
          -1.5198609           0.0000000           0.0000000           0.0000000           0.0000000           0.0000000           0.0000000
          -1.4984544           0.0000000           0.0000000           0.0000000           0.0000000           0.0000000           0.0000000
          -1.4770479           0.0000000           0.0000000           0.0000000           0.0000000           0.0000000           0.0000000
          -1.4556414           0.0000000           0.0000000           0.0000000           0.0000000           0.0000000           0.0000000
          -1.4342349           0.0000000           0.0000000           0.0000000           0.0000000           0.0000000           0.0000000
          -1.4128284           0.0000000           0.0000000           0.0000000           0.0000000           0.0000000           0.0000000
          -1.3914219           0.0000000           0.0000000           0.0000000           0.0000000           0.0000000           0.0000000
          -1.3700154           0.0000000           0.0000000           0.0000000           0.0000000           0.0000000           0.0000000
          -1.3486090           0.0000000           0.0000000           0.0000000           0.0000000           0.0000000           0.0000000
          -1.3272025           0.0000000           0.0000000           0.0000000           0.0000000           0.0000000           0.0000000
          -1.3057960           0.0000000           0.0000000           0.0000000           0.0000000           0.0000000           0.0000000
          -1.2843895           0.0000000           0.0000000           0.0000000           0.0000000           0.0000000           0.0000000
          -1.2629830           0.0000000           0.0000000           0.0000000           0.0000000           0.0000000           0.0000000
          -1.2415765           0.0000000           0.0000000           0.0000000           0.0000000           0.0000000           0.0000000
          -1.2201700           0.0000000           0.0000000           0.0000000           0.0000000           0.0000000           0.0000000
          -1.1987635           0.0000000           0.0000000           0.0000000           0.0000000           0.0000000           0.0000000
          -1.1773570           0.0000000           0.0000000           0.0000000           0.0000000           0.0000000           0.0000000
          -1.1559505           0.0000000           0.0000000           0.0000000           0.0000000           0.0000000           0.0000000
          -1.1345440           0.0000000           0.0000000           0.0000000           0.0000000           0.0000000           0.0000000
          -1.1131376           0.0000000           0.0000000           0.0000000           0.0000000           0.0000000           0.0000000
          -1.0917311           0.0000000           0.0000000           0.0000000           0.0000000           0.0000000           0.0000000
          -1.0703246           0.0000000           0.0000000           0.0000000           0.0000000           0.0000000           0.0000000
          -1.0489181           0.0000000           0.0000000           0.0000000           0.0000000           0.0000000           0.0000000
          -1.0275116           0.0000000           0.0000000           0.0000000           0.0000000           0.0000000           0.0000000
          -1.0061051           0.0000000           0.0000000           0.0000000           0.0000000           0.0000000           0.0000000
          -0.9846986           0.0000000           0.0000000           0.0000000           0.0000000           0.0000000           0.0000000
          -0.9632921           0.0000000           0.0000000           0.0000000           0.0000000           0.0000000           0.0000000
          -0.9418856           0.0000000           0.0000000           0.0000000           0.0000000           0.0000000           0.0000000
          -0.9204791           0.0000000           0.0000000           0.0000000           0.0000000           0.0000000           0.0000000
          -0.8990726           0.0000000           0.0000000           0.0000000           0.0000000           0.0000000           0.0000000
          -0.8776661           0.0000000           0.0000000           0.0000000           0.0000000           0.0000000           0.0000000
          -0.8562597           0.0000000           0.0000000           0.0000000           0.0000000           0.0000000           0.0000000
          -0.8348532           0.0000000           0.0000000           0.0000000           0.0000000           0.0000000           0.0000000
          -0.8134467           0.0000000           0.0000000           0.0000000           0.0000000           0.0000000           0.0000000
          -0.7920402           0.0000000           0.0000000           0.0000000           0.0000000           0.0000000           0.0000000
          -0.7706337           0.0000000           0.0000000           0.0000000           0.0000000           0.0000000           0.0000000
          -0.7492272           0.0000000           0.0000000           0.0000000           0.0000000           0.0000000           0.0000000
          -0.7278207           0.0000000           0.0000000           0.0000000           0.0000000           0.0000000           0.0000000
          -0.7064142           0.0000000           0.0000000           0.0000000           0.0000000           0.0000000           0.0000000
          -0.6850077           0.0000000           0.0000000           0.0000000           0.0000000           0.0000000           0.0000000
          -0.6636012           0.0000000           0.0000000           0.0000000           0.0000000           0.0000000           0.0000000
          -0.6421947           0.0000000           0.0000000           0.0000000           0.0000000           0.0000000           0.0000000
          -0.6207883           0.0000000           0.0000000           0.0000000           0.0000000           0.0000000           0.0000000
          -0.5993818           0.0000000           0.0000000           0.0000000           0.0000000           0.0000000           0.0000000
          -0.5779753           0.0000000           0.0000000           0.0000000           0.0000000           0.0000000           0.0000000
          -0.5565688           0.0000000           0.0000000           0.0000000           0.0000000           0.0000000           0.0000000
          -0.5351623           0.0000000           0.0000000           0.0000000           0.0000000           0.0000000           0.0000000
          -0.5137558           0.0000000           0.0000000           0.0000000           0.0000000           0.0000000           0.0000000
          -0.4923493           0.0000000           0.0000000           0.0000000           0.0000000           0.0000000           0.0000000
          -0.4709428           0.0000000           0.0000000           0.0000000           0.0000000           0.0000000           0.0000000
          -0.4495363           0.0000000           0.0000000           0.0000000           0.0000000           0.0000000           0.0000000
          -0.4281298           0.0000000           0.0000000           0.0000000           0.0000000           0.0000000           0.0000000
          -0.4067233           0.0000000           0.0000000           0.0000000           0.0000000           0.0000000           0.0000000
          -0.3853168           0.0000000           0.0000000           0.0000000           0.0000000           0.0000000           0.0000000
          -0.3639104           0.0000000           0.0000000           0.0000000           0.0000000           0.0000000           0.0000000
          -0.3425039           0.0000000           0.0000000           0.0000000           0.0000000           0.0000000           0.0000000
          -0.3210974           0.0000000           0.0000000           0.0000000           0.0000000           0.0000000           0.0000000
          -0.2996909           0.0000000           0.0000000           0.0000000           0.0000000           0.0000000           0.0000000
          -0.2782844           0.0000000           0.0000000           0.0000000           0.0000000           0.0000000           0.0000000
          -0.2568779           0.0000000           0.0000000           0.0000000           0.0000000           0.0000000           0.0000000
          -0.2354714           0.0000000           0.0000000           0.0000000           0.0000000           0.0000000           0.0000000
          -0.2140649           0.0000000           0.0000000           0.0000000           0.0000000           0.0000000           0.0000000
          -0.1926584           0.0000000           0.0000000           0.0000000           0.0000000           0.0000000           0.0000000
          -0.1712519           0.0000000           0.0000000           0.0000000           0.0000000           0.0000000           0.0000000
          -0.1498454           0.0000000           0.0000000           0.0000000           0.0000000           0.0000000           0.0000000
          -0.1284389           0.0000000           0.0000000           0.0000000           0.0000000           0.0000000           0.0000000
          -0.1070325           0.0000000           0.0000000           0.0000000           0.0000000           0.0000000           0.0000000
          -0.0856260           0.0000000           0.0000000           0.0000000           0.0000000           0.0000000           0.0000000
          -0.0642195           0.0000000           0.0000000           0.0000000           0.0000000           0.0000000           0.0000000
          -0.0428130           0.0000000           0.0000000           0.0000000           0.0000000           0.0000000           0.0000000
          -0.0214065           0.0000000           0.0000000           0.0000000           0.0000000           0.0000000           0.0000000
           0.0000000           0.0000000           0.0000000           0.0000000           0.0000000           0.0000000           0.0000000
