           0.0000000           0.0000000           0.0000000           0.0000000           0.0000000           0.0000000
           0.5532212           0.5692056           0.0000000           0.0000000           0.0000000           0.0000000
           0.5533361           0.5694339           0.0000000           0.0000000           0.0000000           0.0000000
           0.5534509           0.5696627           0.0000000           0.0000000           0.0000000           0.0000000
           0.5535657           0.5698923           0.0000000           0.0000000           0.0000000           0.0000000
           0.5536804           0.5701225           0.0000000           0.0000000           0.0000000           0.0000000
           0.5537951           0.5703533           0.0000000           0.0000000           0.0000000           0.0000000
           0.5539097           0.5705849           0.0000000           0.0000000           0.0000000           0.0000000
           0.5540242           0.5708171           0.0000000           0.0000000           0.0000000           0.0000000
           0.5541387           0.5710499           0.0000000           0.0000000           0.0000000           0.0000000
           0.5542530           0.5712834           0.0000000           0.0000000           0.0000000           0.0000000
           0.5543673           0.5715176           0.0000000           0.0000000           0.0000000           0.0000000
           0.5544815           0.5717524           0.0000000           0.0000000           0.0000000           0.0000000
           0.5545957           0.5719879           0.0000000           0.0000000           0.0000000           0.0000000
           0.5547097           0.5722241           0.0000000           0.0000000           0.0000000           0.0000000
           0.5548236           0.5724609           0.0000000           0.0000000           0.0000000           0.0000000
           0.5549374           0.5726984           0.0000000           0.0000000           0.0000000           0.0000000
           0.5550512           0.5729366           0.0000000           0.0000000           0.0000000           0.0000000
           0.5551648           0.5731754           0.0000000           0.0000000           0.0000000           0.0000000
           0.5552782           0.5734148           0.0000000           0.0000000           0.0000000           0.0000000
           0.5553916           0.5736549           0.0000000           0.0000000           0.0000000           0.0000000
           0.5555048           0.5738957           0.0000000           0.0000000           0.0000000           0.0000000
           0.5556179           0.5741371           0.0000000           0.0000000           0.0000000           0.0000000
           0.5557308           0.5743791           0.0000000           0.0000000           0.0000000           0.0000000
           0.5558435           0.5746218           0.0000000           0.0000000           0.0000000           0.0000000
           0.5559561           0.5748651           0.0000000           0.0000000           0.0000000           0.0000000
           0.5560685           0.5751090           0.0000000           0.0000000           0.0000000           0.0000000
           0.5561807           0.5753536           0.0000000           0.0000000           0.0000000           0.0000000
           0.5562927           0.5755987           0.0000000           0.0000000           0.0000000           0.0000000
           0.5564046           0.5758445           0.0000000           0.0000000           0.0000000           0.0000000
           0.5565162           0.5760909           0.0000000           0.0000000           0.0000000           0.0000000
           0.5566275           0.5763379           0.0000000           0.0000000           0.0000000           0.0000000
           0.5567387           0.5765855           0.0000000           0.0000000           0.0000000           0.0000000
           0.5568496           0.5768336           0.0000000           0.0000000           0.0000000           0.0000000
           0.5569602           0.5770824           0.0000000           0.0000000           0.0000000           0.0000000
           0.5570706           0.5773317           0.0000000           0.0000000           0.0000000           0.0000000
           0.5571806           0.5775817           0.0000000           0.0000000           0.0000000           0.0000000
           0.5572904           0.5778321           0.0000000           0.0000000           0.0000000           0.0000000
           0.5573999           0.5780831           0.0000000           0.0000000           0.0000000           0.0000000
           0.5575091           0.5783347           0.0000000           0.0000000           0.0000000           0.0000000
           0.5576180           0.5785868           0.0000000           0.0000000           0.0000000           0.0000000
           0.5577265           0.5788395           0.0000000           0.0000000           0.0000000           0.0000000
           0.5578346           0.5790926           0.0000000           0.0000000           0.0000000           0.0000000
           0.5579424           0.5793463           0.0000000           0.0000000           0.0000000           0.0000000
           0.5580498           0.5796005           0.0000000           0.0000000           0.0000000           0.0000000
           0.5581567           0.5798551           0.0000000           0.0000000           0.0000000           0.0000000
           0.5582633           0.5801102           0.0000000           0.0000000           0.0000000           0.0000000
           0.5583694           0.5803659           0.0000000           0.0000000           0.0000000           0.0000000
           0.5584751           0.5806219           0.0000000           0.0000000           0.0000000           0.0000000
           0.5585803           0.5808784           0.0000000           0.0000000           0.0000000           0.0000000
           0.5586850           0.5811353           0.0000000           0.0000000           0.0000000           0.0000000
           0.5587892           0.5813927           0.0000000           0.0000000           0.0000000           0.0000000
           0.5588929           0.5816504           0.0000000           0.0000000           0.0000000           0.0000000
           0.5589960           0.5819085           0.0000000           0.0000000           0.0000000           0.0000000
           0.5590986           0.5821670           0.0000000           0.0000000           0.0000000           0.0000000
           0.5592006           0.5824259           0.0000000           0.0000000           0.0000000           0.0000000
           0.5593019           0.5826850           0.0000000           0.0000000           0.0000000           0.0000000
           0.5594027           0.5829445           0.0000000           0.0000000           0.0000000           0.0000000
           0.5595027           0.5832043           0.0000000           0.0000000           0.0000000           0.0000000
           0.5596021           0.5834644           0.0000000           0.0000000           0.0000000           0.0000000
           0.5597008           0.5837247           0.0000000           0.0000000           0.0000000           0.0000000
           0.5597988           0.5839853           0.0000000           0.0000000           0.0000000           0.0000000
           0.5598959           0.5842461           0.0000000           0.0000000           0.0000000           0.0000000
           0.5599923           0.5845071           0.0000000           0.0000000           0.0000000           0.0000000
           0.5600879           0.5847682           0.0000000           0.0000000           0.0000000           0.0000000
           0.5601827           0.5850296           0.0000000           0.0000000           0.0000000           0.0000000
           0.5602765           0.5852910           0.0000000           0.0000000           0.0000000           0.0000000
           0.5603695           0.5855525           0.0000000           0.0000000           0.0000000           0.0000000
           0.5604615           0.5858142           0.0000000           0.0000000           0.0000000           0.0000000
           0.5605526           0.5860758           0.0000000           0.0000000           0.0000000           0.0000000
           0.5606426           0.5863375           0.0000000           0.0000000           0.0000000           0.0000000
           0.5607317           0.5865992           0.0000000           0.0000000           0.0000000           0.0000000
           0.5608196           0.5868609           0.0000000           0.0000000           0.0000000           0.0000000
           0.5609065           0.5871225           0.0000000           0.0000000           0.0000000           0.0000000
           0.5609923           0.5873840           0.0000000           0.0000000           0.0000000           0.0000000
           0.5610769           0.5876455           0.0000000           0.0000000           0.0000000           0.0000000
           0.5611603           0.5879067           0.0000000           0.0000000           0.0000000           0.0000000
           0.5612424           0.5881679           0.0000000           0.0000000           0.0000000           0.0000000
           0.5613233           0.5884288           0.0000000           0.0000000           0.0000000           0.0000000
           0.5614029           0.5886895           0.0000000           0.0000000           0.0000000           0.0000000
           0.5614812           0.5889500           0.0000000           0.0000000           0.0000000           0.0000000
           0.5615582           0.5892102           0.0000000           0.0000000           0.0000000           0.0000000
           0.5616337           0.5894701           0.0000000           0.0000000           0.0000000           0.0000000
           0.5617078           0.5897297           0.0000000           0.0000000           0.0000000           0.0000000
           0.5617805           0.5899889           0.0000000           0.0000000           0.0000000           0.0000000
           0.5618517           0.5902478           0.0000000           0.0000000           0.0000000           0.0000000
           0.5619213           0.5905062           0.0000000           0.0000000           0.0000000           0.0000000
           0.5619894           0.5907642           0.0000000           0.0000000           0.0000000           0.0000000
           0.5620560           0.5910218           0.0000000           0.0000000           0.0000000           0.0000000
           0.5621209           0.5912790           0.0000000           0.0000000           0.0000000           0.0000000
           0.5621842           0.5915356           0.0000000           0.0000000           0.0000000           0.0000000
           0.5622459           0.5917917           0.0000000           0.0000000           0.0000000           0.0000000
           0.5623059           0.5920474           0.0000000           0.0000000           0.0000000           0.0000000
           0.5623642           0.5923024           0.0000000           0.0000000           0.0000000           0.0000000
           0.5624208           0.5925570           0.0000000           0.0000000           0.0000000           0.0000000
           0.5624756           0.5928109           0.0000000           0.0000000           0.0000000           0.0000000
           0.5625287           0.5930643           0.0000000           0.0000000           0.0000000           0.0000000
           0.5625801           0.5933172           0.0000000           0.0000000           0.0000000           0.0000000
           0.5626296           0.5935694           0.0000000           0.0000000           0.0000000           0.0000000
           0.5626774           0.5938210           0.0000000           0.0000000           0.0000000           0.0000000
           0.5627234           0.5940720           0.0000000           0.0000000           0.0000000           0.0000000
           0.5627675           0.5943225           0.0000000           0.0000000           0.0000000           0.0000000
           0.5628099           0.5945723           0.0000000           0.0000000           0.0000000           0.0000000
           0.5628504           0.5948215           0.0000000           0.0000000           0.0000000           0.0000000
           0.5628891           0.5950702           0.0000000           0.0000000           0.0000000           0.0000000
           0.5629260           0.5953182           0.0000000           0.0000000           0.0000000           0.0000000
           0.5629611           0.5955657           0.0000000           0.0000000           0.0000000           0.0000000
           0.5629944           0.5958125           0.0000000           0.0000000           0.0000000           0.0000000
           0.5630258           0.5960589           0.0000000           0.0000000           0.0000000           0.0000000
           0.5630555           0.5963046           0.0000000           0.0000000           0.0000000           0.0000000
           0.5630834           0.5965499           0.0000000           0.0000000           0.0000000           0.0000000
           0.5631095           0.5967946           0.0000000           0.0000000           0.0000000           0.0000000
           0.5631338           0.5970388           0.0000000           0.0000000           0.0000000           0.0000000
           0.5631564           0.5972826           0.0000000           0.0000000           0.0000000           0.0000000
           0.5631773           0.5975259           0.0000000           0.0000000           0.0000000           0.0000000
           0.5631964           0.5977688           0.0000000           0.0000000           0.0000000           0.0000000
           0.5632138           0.5980112           0.0000000           0.0000000           0.0000000           0.0000000
           0.5632296           0.5982533           0.0000000           0.0000000           0.0000000           0.0000000
           0.5632437           0.5984950           0.0000000           0.0000000           0.0000000           0.0000000
           0.5632562           0.5987364           0.0000000           0.0000000           0.0000000           0.0000000
           0.5632671           0.5989775           0.0000000           0.0000000           0.0000000           0.0000000
           0.5632764           0.5992184           0.0000000           0.0000000           0.0000000           0.0000000
           0.5632842           0.5994590           0.0000000           0.0000000           0.0000000           0.0000000
           0.5632905           0.5996995           0.0000000           0.0000000           0.0000000           0.0000000
           0.5632952           0.5999397           0.0000000           0.0000000           0.0000000           0.0000000
           0.5632986           0.6001799           0.0000000           0.0000000           0.0000000           0.0000000
           0.5633004           0.6004200           0.0000000           0.0000000           0.0000000           0.0000000
           0.5633009           0.6006600           0.0000000           0.0000000           0.0000000           0.0000000
           0.5633001           0.6009000           0.0000000           0.0000000           0.0000000           0.0000000
           0.5632979           0.6011400           0.0000000           0.0000000           0.0000000           0.0000000
           0.5632944           0.6013802           0.0000000           0.0000000           0.0000000           0.0000000
           0.5632897           0.6016204           0.0000000           0.0000000           0.0000000           0.0000000
           0.5632837           0.6018607           0.0000000           0.0000000           0.0000000           0.0000000
           0.5632765           0.6021013           0.0000000           0.0000000           0.0000000           0.0000000
           0.5632682           0.6023421           0.0000000           0.0000000           0.0000000           0.0000000
           0.5632588           0.6025831           0.0000000           0.0000000           0.0000000           0.0000000
           0.5632483           0.6028245           0.0000000           0.0000000           0.0000000           0.0000000
           0.5632368           0.6030662           0.0000000           0.0000000           0.0000000           0.0000000
           0.5632242           0.6033083           0.0000000           0.0000000           0.0000000           0.0000000
           0.5632107           0.6035508           0.0000000           0.0000000           0.0000000           0.0000000
           0.5631962           0.6037938           0.0000000           0.0000000           0.0000000           0.0000000
           0.5631808           0.6040373           0.0000000           0.0000000           0.0000000           0.0000000
           0.5631646           0.6042814           0.0000000           0.0000000           0.0000000           0.0000000
           0.5631475           0.6045261           0.0000000           0.0000000           0.0000000           0.0000000
           0.5631296           0.6047714           0.0000000           0.0000000           0.0000000           0.0000000
           0.5631110           0.6050173           0.0000000           0.0000000           0.0000000           0.0000000
           0.5630916           0.6052640           0.0000000           0.0000000           0.0000000           0.0000000
           0.5630715           0.6055114           0.0000000           0.0000000           0.0000000           0.0000000
           0.5630508           0.6057597           0.0000000           0.0000000           0.0000000           0.0000000
           0.5630295           0.6060087           0.0000000           0.0000000           0.0000000           0.0000000
           0.5630075           0.6062587           0.0000000           0.0000000           0.0000000           0.0000000
           0.5629850           0.6065095           0.0000000           0.0000000           0.0000000           0.0000000
           0.5629619           0.6067613           0.0000000           0.0000000           0.0000000           0.0000000
           0.5629384           0.6070140           0.0000000           0.0000000           0.0000000           0.0000000
           0.5629144           0.6072678           0.0000000           0.0000000           0.0000000           0.0000000
           0.5628899           0.6075226           0.0000000           0.0000000           0.0000000           0.0000000
           0.5628651           0.6077785           0.0000000           0.0000000           0.0000000           0.0000000
           0.5628399           0.6080355           0.0000000           0.0000000           0.0000000           0.0000000
           0.5628143           0.6082937           0.0000000           0.0000000           0.0000000           0.0000000
           0.5627884           0.6085531           0.0000000           0.0000000           0.0000000           0.0000000
           0.5627622           0.6088137           0.0000000           0.0000000           0.0000000           0.0000000
           0.5627358           0.6090756           0.0000000           0.0000000           0.0000000           0.0000000
           0.5627091           0.6093387           0.0000000           0.0000000           0.0000000           0.0000000
           0.5626822           0.6096032           0.0000000           0.0000000           0.0000000           0.0000000
           0.5626551           0.6098691           0.0000000           0.0000000           0.0000000           0.0000000
           0.5626279           0.6101363           0.0000000           0.0000000           0.0000000           0.0000000
           0.5626006           0.6104050           0.0000000           0.0000000           0.0000000           0.0000000
           0.5625731           0.6106750           0.0000000           0.0000000           0.0000000           0.0000000
           0.5625456           0.6109466           0.0000000           0.0000000           0.0000000           0.0000000
           0.5625180           0.6112197           0.0000000           0.0000000           0.0000000           0.0000000
           0.5624904           0.6114943           0.0000000           0.0000000           0.0000000           0.0000000
           0.5624627           0.6117705           0.0000000           0.0000000           0.0000000           0.0000000
           0.5624351           0.6120483           0.0000000           0.0000000           0.0000000           0.0000000
           0.5624075           0.6123277           0.0000000           0.0000000           0.0000000           0.0000000
           0.5623800           0.6126087           0.0000000           0.0000000           0.0000000           0.0000000
           0.5623526           0.6128915           0.0000000           0.0000000           0.0000000           0.0000000
           0.5623252           0.6131759           0.0000000           0.0000000           0.0000000           0.0000000
           0.5622980           0.6134620           0.0000000           0.0000000           0.0000000           0.0000000
           0.5622709           0.6137500           0.0000000           0.0000000           0.0000000           0.0000000
           0.5622440           0.6140396           0.0000000           0.0000000           0.0000000           0.0000000
           0.5622172           0.6143311           0.0000000           0.0000000           0.0000000           0.0000000
           0.5621906           0.6146244           0.0000000           0.0000000           0.0000000           0.0000000
           0.5621643           0.6149196           0.0000000           0.0000000           0.0000000           0.0000000
           0.5621382           0.6152166           0.0000000           0.0000000           0.0000000           0.0000000
           0.5621123           0.6155155           0.0000000           0.0000000           0.0000000           0.0000000
           0.5620867           0.6158163           0.0000000           0.0000000           0.0000000           0.0000000
           0.5620614           0.6161191           0.0000000           0.0000000           0.0000000           0.0000000
           0.5620363           0.6164238           0.0000000           0.0000000           0.0000000           0.0000000
           0.5620116           0.6167305           0.0000000           0.0000000           0.0000000           0.0000000
           0.5619872           0.6170392           0.0000000           0.0000000           0.0000000           0.0000000
           0.5619632           0.6173500           0.0000000           0.0000000           0.0000000           0.0000000
           0.5619395           0.6176627           0.0000000           0.0000000           0.0000000           0.0000000
           0.5619161           0.6179776           0.0000000           0.0000000           0.0000000           0.0000000
           0.5618932           0.6182945           0.0000000           0.0000000           0.0000000           0.0000000
           0.5618706           0.6186135           0.0000000           0.0000000           0.0000000           0.0000000
           0.5618485           0.6189346           0.0000000           0.0000000           0.0000000           0.0000000
           0.5618267           0.6192578           0.0000000           0.0000000           0.0000000           0.0000000
           0.5618055           0.6195832           0.0000000           0.0000000           0.0000000           0.0000000
           0.5617846           0.6199108           0.0000000           0.0000000           0.0000000           0.0000000
           0.5617642           0.6202405           0.0000000           0.0000000           0.0000000           0.0000000
           0.5616807           0.6217069           0.0000000           0.0000000           0.0000000           0.0000000
           0.5616068           0.6232165           0.0000000           0.0000000           0.0000000           0.0000000
           0.5615433           0.6247706           0.0000000           0.0000000           0.0000000           0.0000000
           0.5614909           0.6263702           0.0000000           0.0000000           0.0000000           0.0000000
           0.5614499           0.6280163           0.0000000           0.0000000           0.0000000           0.0000000
           0.5614209           0.6297098           0.0000000           0.0000000           0.0000000           0.0000000
           0.5614041           0.6314515           0.0000000           0.0000000           0.0000000           0.0000000
           0.5613998           0.6332421           0.0000000           0.0000000           0.0000000           0.0000000
           0.5614083           0.6350822           0.0000000           0.0000000           0.0000000           0.0000000
           0.5614295           0.6369726           0.0000000           0.0000000           0.0000000           0.0000000
           0.5614636           0.6389135           0.0000000           0.0000000           0.0000000           0.0000000
           0.5615106           0.6409056           0.0000000           0.0000000           0.0000000           0.0000000
           0.5615704           0.6429493           0.0000000           0.0000000           0.0000000           0.0000000
           0.5616430           0.6450448           0.0000000           0.0000000           0.0000000           0.0000000
           0.5617281           0.6471926           0.0000000           0.0000000           0.0000000           0.0000000
           0.5618258           0.6493928           0.0000000           0.0000000           0.0000000           0.0000000
           0.5619357           0.6516457           0.0000000           0.0000000           0.0000000           0.0000000
           0.5620577           0.6539515           0.0000000           0.0000000           0.0000000           0.0000000
           0.5621915           0.6563103           0.0000000           0.0000000           0.0000000           0.0000000
           0.5623369           0.6587224           0.0000000           0.0000000           0.0000000           0.0000000
           0.5624935           0.6611877           0.0000000           0.0000000           0.0000000           0.0000000
           0.5626610           0.6637063           0.0000000           0.0000000           0.0000000           0.0000000
           0.5628392           0.6662783           0.0000000           0.0000000           0.0000000           0.0000000
           0.5630277           0.6689037           0.0000000           0.0000000           0.0000000           0.0000000
           0.5632262           0.6715825           0.0000000           0.0000000           0.0000000           0.0000000
           0.5634343           0.6743146           0.0000000           0.0000000           0.0000000           0.0000000
           0.5636516           0.6771000           0.0000000           0.0000000           0.0000000           0.0000000
           0.5638779           0.6799385           0.0000000           0.0000000           0.0000000           0.0000000
           0.5641128           0.6828301           0.0000000           0.0000000           0.0000000           0.0000000
           0.5643558           0.6857746           0.0000000           0.0000000           0.0000000           0.0000000
           0.5646067           0.6887719           0.0000000           0.0000000           0.0000000           0.0000000
           0.5648651           0.6918217           0.0000000           0.0000000           0.0000000           0.0000000
           0.5651306           0.6949239           0.0000000           0.0000000           0.0000000           0.0000000
           0.5654028           0.6980782           0.0000000           0.0000000           0.0000000           0.0000000
           0.5656814           0.7012844           0.0000000           0.0000000           0.0000000           0.0000000
           0.5659661           0.7045421           0.0000000           0.0000000           0.0000000           0.0000000
           0.5662565           0.7078510           0.0000000           0.0000000           0.0000000           0.0000000
           0.5665522           0.7112108           0.0000000           0.0000000           0.0000000           0.0000000
           0.5668530           0.7146210           0.0000000           0.0000000           0.0000000           0.0000000
           0.5671585           0.7180813           0.0000000           0.0000000           0.0000000           0.0000000
           0.5674683           0.7215912           0.0000000           0.0000000           0.0000000           0.0000000
           0.5677822           0.7251502           0.0000000           0.0000000           0.0000000           0.0000000
           0.5680998           0.7287577           0.0000000           0.0000000           0.0000000           0.0000000
           0.5684208           0.7324132           0.0000000           0.0000000           0.0000000           0.0000000
           0.5687450           0.7361161           0.0000000           0.0000000           0.0000000           0.0000000
           0.5690721           0.7398657           0.0000000           0.0000000           0.0000000           0.0000000
           0.5694017           0.7436613           0.0000000           0.0000000           0.0000000           0.0000000
           0.5697336           0.7475020           0.0000000           0.0000000           0.0000000           0.0000000
           0.5700676           0.7513872           0.0000000           0.0000000           0.0000000           0.0000000
           0.5704033           0.7553160           0.0000000           0.0000000           0.0000000           0.0000000
           0.5707405           0.7592873           0.0000000           0.0000000           0.0000000           0.0000000
           0.5710791           0.7633003           0.0000000           0.0000000           0.0000000           0.0000000
           0.5714187           0.7673539           0.0000000           0.0000000           0.0000000           0.0000000
           0.5717591           0.7714469           0.0000000           0.0000000           0.0000000           0.0000000
           0.5721001           0.7755782           0.0000000           0.0000000           0.0000000           0.0000000
           0.5724415           0.7797466           0.0000000           0.0000000           0.0000000           0.0000000
           0.5727832           0.7839507           0.0000000           0.0000000           0.0000000           0.0000000
           0.5731248           0.7881890           0.0000000           0.0000000           0.0000000           0.0000000
           0.5734662           0.7924602           0.0000000           0.0000000           0.0000000           0.0000000
           0.5738073           0.7967627           0.0000000           0.0000000           0.0000000           0.0000000
           0.5741479           0.8010947           0.0000000           0.0000000           0.0000000           0.0000000
           0.5744877           0.8054546           0.0000000           0.0000000           0.0000000           0.0000000
           0.5748267           0.8098406           0.0000000           0.0000000           0.0000000           0.0000000
           0.5751647           0.8142506           0.0000000           0.0000000           0.0000000           0.0000000
           0.5755015           0.8186827           0.0000000           0.0000000           0.0000000           0.0000000
           0.5758370           0.8231348           0.0000000           0.0000000           0.0000000           0.0000000
           0.5761711           0.8276046           0.0000000           0.0000000           0.0000000           0.0000000
           0.5765037           0.8320897           0.0000000           0.0000000           0.0000000           0.0000000
           0.5768346           0.8365878           0.0000000           0.0000000           0.0000000           0.0000000
           0.5771637           0.8410963           0.0000000           0.0000000           0.0000000           0.0000000
           0.5774909           0.8456125           0.0000000           0.0000000           0.0000000           0.0000000
           0.5778161           0.8501336           0.0000000           0.0000000           0.0000000           0.0000000
           0.5781393           0.8546567           0.0000000           0.0000000           0.0000000           0.0000000
           0.5784602           0.8591788           0.0000000           0.0000000           0.0000000           0.0000000
           0.5787790           0.8636966           0.0000000           0.0000000           0.0000000           0.0000000
           0.5790953           0.8682071           0.0000000           0.0000000           0.0000000           0.0000000
           0.5794093           0.8727066           0.0000000           0.0000000           0.0000000           0.0000000
           0.5797208           0.8771917           0.0000000           0.0000000           0.0000000           0.0000000
           0.5800297           0.8816587           0.0000000           0.0000000           0.0000000           0.0000000
           0.5803360           0.8861039           0.0000000           0.0000000           0.0000000           0.0000000
           0.5806396           0.8905232           0.0000000           0.0000000           0.0000000           0.0000000
           0.5809406           0.8949127           0.0000000           0.0000000           0.0000000           0.0000000
           0.5812387           0.8992681           0.0000000           0.0000000           0.0000000           0.0000000
           0.5815340           0.9035851           0.0000000           0.0000000           0.0000000           0.0000000
           0.5818265           0.9078592           0.0000000           0.0000000           0.0000000           0.0000000
           0.5821161           0.9120859           0.0000000           0.0000000           0.0000000           0.0000000
           0.5824027           0.9162604           0.0000000           0.0000000           0.0000000           0.0000000
           0.5826864           0.9203779           0.0000000           0.0000000           0.0000000           0.0000000
           0.5829671           0.9244335           0.0000000           0.0000000           0.0000000           0.0000000
           0.5832448           0.9284220           0.0000000           0.0000000           0.0000000           0.0000000
           0.5835195           0.9323382           0.0000000           0.0000000           0.0000000           0.0000000
           0.5837911           0.9361768           0.0000000           0.0000000           0.0000000           0.0000000
           0.5840597           0.9399325           0.0000000           0.0000000           0.0000000           0.0000000
           0.5843251           0.9435997           0.0000000           0.0000000           0.0000000           0.0000000
           0.5845875           0.9471727           0.0000000           0.0000000           0.0000000           0.0000000
           0.5848468           0.9506460           0.0000000           0.0000000           0.0000000           0.0000000
           0.5851030           0.9540136           0.0000000           0.0000000           0.0000000           0.0000000
           0.5853561           0.9572698           0.0000000           0.0000000           0.0000000           0.0000000
           0.5856060           0.9604087           0.0000000           0.0000000           0.0000000           0.0000000
           0.5858529           0.9634243           0.0000000           0.0000000           0.0000000           0.0000000
           0.5860967           0.9663106           0.0000000           0.0000000           0.0000000           0.0000000
           0.5863373           0.9690616           0.0000000           0.0000000           0.0000000           0.0000000
           0.5865749           0.9716713           0.0000000           0.0000000           0.0000000           0.0000000
           0.5868094           0.9741336           0.0000000           0.0000000           0.0000000           0.0000000
           0.5870408           0.9764427           0.0000000           0.0000000           0.0000000           0.0000000
           0.5872692           0.9785924           0.0000000           0.0000000           0.0000000           0.0000000
           0.5874945           0.9805770           0.0000000           0.0000000           0.0000000           0.0000000
           0.5877168           0.9823907           0.0000000           0.0000000           0.0000000           0.0000000
           0.5879361           0.9840276           0.0000000           0.0000000           0.0000000           0.0000000
           0.5881523           0.9854822           0.0000000           0.0000000           0.0000000           0.0000000
           0.5883656           0.9867490           0.0000000           0.0000000           0.0000000           0.0000000
           0.5885760           0.9878228           0.0000000           0.0000000           0.0000000           0.0000000
           0.5887833           0.9886984           0.0000000           0.0000000           0.0000000           0.0000000
           0.5889878           0.9893710           0.0000000           0.0000000           0.0000000           0.0000000
           0.5891894           0.9898360           0.0000000           0.0000000           0.0000000           0.0000000
           0.5893881           0.9900889           0.0000000           0.0000000           0.0000000           0.0000000
           0.5895839           0.9901257           0.0000000           0.0000000           0.0000000           0.0000000
           0.5897770           0.9899427           0.0000000           0.0000000           0.0000000           0.0000000
           0.5899672           0.9895365           0.0000000           0.0000000           0.0000000           0.0000000
           0.5901546           0.9889043           0.0000000           0.0000000           0.0000000           0.0000000
           0.5903394           0.9880434           0.0000000           0.0000000           0.0000000           0.0000000
           0.5905214           0.9869519           0.0000000           0.0000000           0.0000000           0.0000000
           0.5907007           0.9856281           0.0000000           0.0000000           0.0000000           0.0000000
           0.5908773           0.9840711           0.0000000           0.0000000           0.0000000           0.0000000
           0.5910514           0.9822805           0.0000000           0.0000000           0.0000000           0.0000000
           0.5912228           0.9802564           0.0000000           0.0000000           0.0000000           0.0000000
           0.5913917           0.9779996           0.0000000           0.0000000           0.0000000           0.0000000
           0.5915580           0.9755117           0.0000000           0.0000000           0.0000000           0.0000000
           0.5917219           0.9727947           0.0000000           0.0000000           0.0000000           0.0000000
           0.5918833           0.9698518           0.0000000           0.0000000           0.0000000           0.0000000
           0.5920422           0.9666866           0.0000000           0.0000000           0.0000000           0.0000000
           0.5921987           0.9633036           0.0000000           0.0000000           0.0000000           0.0000000
           0.5923529           0.9597083           0.0000000           0.0000000           0.0000000           0.0000000
           0.5925047           0.9559069           0.0000000           0.0000000           0.0000000           0.0000000
           0.5926543           0.9519065           0.0000000           0.0000000           0.0000000           0.0000000
           0.5928015           0.9477152           0.0000000           0.0000000           0.0000000           0.0000000
           0.5929466           0.9433420           0.0000000           0.0000000           0.0000000           0.0000000
           0.5930894           0.9387969           0.0000000           0.0000000           0.0000000           0.0000000
           0.5932301           0.9340907           0.0000000           0.0000000           0.0000000           0.0000000
           0.5933687           0.9292353           0.0000000           0.0000000           0.0000000           0.0000000
           0.5935051           0.9242436           0.0000000           0.0000000           0.0000000           0.0000000
           0.5936395           0.9191295           0.0000000           0.0000000           0.0000000           0.0000000
           0.5937719           0.9139077           0.0000000           0.0000000           0.0000000           0.0000000
           0.5939024           0.9085939           0.0000000           0.0000000           0.0000000           0.0000000
           0.5940308           0.9032049           0.0000000           0.0000000           0.0000000           0.0000000
           0.5941574           0.8977583           0.0000000           0.0000000           0.0000000           0.0000000
           0.5942821           0.8922724           0.0000000           0.0000000           0.0000000           0.0000000
           0.5944050           0.8867666           0.0000000           0.0000000           0.0000000           0.0000000
           0.5945261           0.8812609           0.0000000           0.0000000           0.0000000           0.0000000
           0.5946454           0.8757760           0.0000000           0.0000000           0.0000000           0.0000000
           0.5947630           0.8703334           0.0000000           0.0000000           0.0000000           0.0000000
           0.5948790           0.8649551           0.0000000           0.0000000           0.0000000           0.0000000
           0.5949933           0.8596633           0.0000000           0.0000000           0.0000000           0.0000000
           0.5951060           0.8544811           0.0000000           0.0000000           0.0000000           0.0000000
           0.5952172           0.8494313           0.0000000           0.0000000           0.0000000           0.0000000
           0.5953268           0.8445373           0.0000000           0.0000000           0.0000000           0.0000000
           0.5954350           0.8398222           0.0000000           0.0000000           0.0000000           0.0000000
           0.5955418           0.8353092           0.0000000           0.0000000           0.0000000           0.0000000
           0.5956472           0.8310210           0.0000000           0.0000000           0.0000000           0.0000000
           0.5957512           0.8269801           0.0000000           0.0000000           0.0000000           0.0000000
           0.5958539           0.8232082           0.0000000           0.0000000           0.0000000           0.0000000
           0.5959554           0.8197263           0.0000000           0.0000000           0.0000000           0.0000000
           0.5960557           0.8165544           0.0000000           0.0000000           0.0000000           0.0000000
           0.5961548           0.8137115           0.0000000           0.0000000           0.0000000           0.0000000
           0.5962528           0.8112149           0.0000000           0.0000000           0.0000000           0.0000000
           0.5963498           0.8090808           0.0000000           0.0000000           0.0000000           0.0000000
           0.5964457           0.8073233           0.0000000           0.0000000           0.0000000           0.0000000
           0.5965407           0.8059547           0.0000000           0.0000000           0.0000000           0.0000000
           0.5966348           0.8049850           0.0000000           0.0000000           0.0000000           0.0000000
           0.5967280           0.8044221           0.0000000           0.0000000           0.0000000           0.0000000
           0.5968204           0.8042711           0.0000000           0.0000000           0.0000000           0.0000000
           0.5969121           0.8045346           0.0000000           0.0000000           0.0000000           0.0000000
           0.5970031           0.8052120           0.0000000           0.0000000           0.0000000           0.0000000
           0.5970934           0.8063000           0.0000000           0.0000000           0.0000000           0.0000000
           0.5971832           0.8077918           0.0000000           0.0000000           0.0000000           0.0000000
           0.5972725           0.8096776           0.0000000           0.0000000           0.0000000           0.0000000
           0.5973614           0.8119438           0.0000000           0.0000000           0.0000000           0.0000000
           0.5974499           0.8145737           0.0000000           0.0000000           0.0000000           0.0000000
           0.5975381           0.8175469           0.0000000           0.0000000           0.0000000           0.0000000
           0.5976261           0.8208394           0.0000000           0.0000000           0.0000000           0.0000000
           0.5977140           0.8244240           0.0000000           0.0000000           0.0000000           0.0000000
           0.5978018           0.8282698           0.0000000           0.0000000           0.0000000           0.0000000
           0.5978896           0.8323429           0.0000000           0.0000000           0.0000000           0.0000000
           0.5979776           0.8366059           0.0000000           0.0000000           0.0000000           0.0000000
           0.5980657           0.8410190           0.0000000           0.0000000           0.0000000           0.0000000
           0.5981542           0.8455392           0.0000000           0.0000000           0.0000000           0.0000000
           0.5982430           0.8501217           0.0000000           0.0000000           0.0000000           0.0000000
           0.5983324           0.8547193           0.0000000           0.0000000           0.0000000           0.0000000
           0.5984223           0.8592837           0.0000000           0.0000000           0.0000000           0.0000000
           0.5985130           0.8637651           0.0000000           0.0000000           0.0000000           0.0000000
           0.5986046           0.8681135           0.0000000           0.0000000           0.0000000           0.0000000
           0.5986971           0.8722788           0.0000000           0.0000000           0.0000000           0.0000000
           0.5987907           0.8762116           0.0000000           0.0000000           0.0000000           0.0000000
           0.5988856           0.8798636           0.0000000           0.0000000           0.0000000           0.0000000
           0.5989819           0.8831888           0.0000000           0.0000000           0.0000000           0.0000000
           0.5990798           0.8861437           0.0000000           0.0000000           0.0000000           0.0000000
           0.5991794           0.8886882           0.0000000           0.0000000           0.0000000           0.0000000
           0.5992808           0.8907864           0.0000000           0.0000000           0.0000000           0.0000000
           0.5993844           0.8924073           0.0000000           0.0000000           0.0000000           0.0000000
           0.5994902           0.8935253           0.0000000           0.0000000           0.0000000           0.0000000
           0.5995985           0.8941213           0.0000000           0.0000000           0.0000000           0.0000000
           0.5997095           0.8941827           0.0000000           0.0000000           0.0000000           0.0000000
           0.5998235           0.8937046           0.0000000           0.0000000           0.0000000           0.0000000
           0.5999406           0.8926900           0.0000000           0.0000000           0.0000000           0.0000000
           0.6000611           0.8911499           0.0000000           0.0000000           0.0000000           0.0000000
           0.6001853           0.8891040           0.0000000           0.0000000           0.0000000           0.0000000
           0.6003135           0.8865808           0.0000000           0.0000000           0.0000000           0.0000000
           0.6004460           0.8836173           0.0000000           0.0000000           0.0000000           0.0000000
           0.6005832           0.8802590           0.0000000           0.0000000           0.0000000           0.0000000
           0.6007252           0.8765598           0.0000000           0.0000000           0.0000000           0.0000000
           0.6008726           0.8725811           0.0000000           0.0000000           0.0000000           0.0000000
           0.6010257           0.8683912           0.0000000           0.0000000           0.0000000           0.0000000
           0.6011849           0.8640646           0.0000000           0.0000000           0.0000000           0.0000000
           0.6013506           0.8596809           0.0000000           0.0000000           0.0000000           0.0000000
           0.6015234           0.8553232           0.0000000           0.0000000           0.0000000           0.0000000
           0.6017036           0.8510773           0.0000000           0.0000000           0.0000000           0.0000000
           0.6018918           0.8470293           0.0000000           0.0000000           0.0000000           0.0000000
           0.6020885           0.8432645           0.0000000           0.0000000           0.0000000           0.0000000
           0.6022944           0.8398655           0.0000000           0.0000000           0.0000000           0.0000000
           0.6025100           0.8369099           0.0000000           0.0000000           0.0000000           0.0000000
           0.6027360           0.8344688           0.0000000           0.0000000           0.0000000           0.0000000
           0.6029731           0.8326046           0.0000000           0.0000000           0.0000000           0.0000000
           0.6032220           0.8313691           0.0000000           0.0000000           0.0000000           0.0000000
           0.6034835           0.8308020           0.0000000           0.0000000           0.0000000           0.0000000
           0.6037584           0.8309291           0.0000000           0.0000000           0.0000000           0.0000000
           0.6040475           0.8317608           0.0000000           0.0000000           0.0000000           0.0000000
           0.6043518           0.8332914           0.0000000           0.0000000           0.0000000           0.0000000
           0.6046723           0.8354980           0.0000000           0.0000000           0.0000000           0.0000000
           0.6050100           0.8383404           0.0000000           0.0000000           0.0000000           0.0000000
           0.6053660           0.8417610           0.0000000           0.0000000           0.0000000           0.0000000
           0.6057414           0.8456856           0.0000000           0.0000000           0.0000000           0.0000000
           0.6061375           0.8500244           0.0000000           0.0000000           0.0000000           0.0000000
           0.6065556           0.8546733           0.0000000           0.0000000           0.0000000           0.0000000
           0.6069970           0.8595166           0.0000000           0.0000000           0.0000000           0.0000000
           0.6074631           0.8644290           0.0000000           0.0000000           0.0000000           0.0000000
           0.6079555           0.8692793           0.0000000           0.0000000           0.0000000           0.0000000
           0.6084758           0.8739332           0.0000000           0.0000000           0.0000000           0.0000000
           0.6090256           0.8782576           0.0000000           0.0000000           0.0000000           0.0000000
           0.6096068           0.8821243           0.0000000           0.0000000           0.0000000           0.0000000
           0.6102213           0.8854143           0.0000000           0.0000000           0.0000000           0.0000000
           0.6108709           0.8880218           0.0000000           0.0000000           0.0000000           0.0000000
           0.6115578           0.8898578           0.0000000           0.0000000           0.0000000           0.0000000
           0.6122842           0.8908543           0.0000000           0.0000000           0.0000000           0.0000000
           0.6130523           0.8909666           0.0000000           0.0000000           0.0000000           0.0000000
           0.6138645           0.8901762           0.0000000           0.0000000           0.0000000           0.0000000
           0.6147233           0.8884923           0.0000000           0.0000000           0.0000000           0.0000000
           0.6156314           0.8859526           0.0000000           0.0000000           0.0000000           0.0000000
           0.6165915           0.8826227           0.0000000           0.0000000           0.0000000           0.0000000
           0.6176065           0.8785953           0.0000000           0.0000000           0.0000000           0.0000000
           0.6186792           0.8739872           0.0000000           0.0000000           0.0000000           0.0000000
           0.6198130           0.8689363           0.0000000           0.0000000           0.0000000           0.0000000
           0.6210108           0.8635968           0.0000000           0.0000000           0.0000000           0.0000000
           0.6222762           0.8581339           0.0000000           0.0000000           0.0000000           0.0000000
           0.6236125           0.8527182           0.0000000           0.0000000           0.0000000           0.0000000
           0.6250233           0.8475184           0.0000000           0.0000000           0.0000000           0.0000000
           0.6265123           0.8426955           0.0000000           0.0000000           0.0000000           0.0000000
           0.6280833           0.8383953           0.0000000           0.0000000           0.0000000           0.0000000
           0.6297401           0.8347431           0.0000000           0.0000000           0.0000000           0.0000000
           0.6314868           0.8318372           0.0000000           0.0000000           0.0000000           0.0000000
           0.6333275           0.8297453           0.0000000           0.0000000           0.0000000           0.0000000
           0.6352662           0.8285003           0.0000000           0.0000000           0.0000000           0.0000000
           0.6373071           0.8280990           0.0000000           0.0000000           0.0000000           0.0000000
           0.6394546           0.8285017           0.0000000           0.0000000           0.0000000           0.0000000
           0.6417128           0.8296338           0.0000000           0.0000000           0.0000000           0.0000000
           0.6440862           0.8313883           0.0000000           0.0000000           0.0000000           0.0000000
           0.6465789           0.8336312           0.0000000           0.0000000           0.0000000           0.0000000
           0.6491953           0.8362070           0.0000000           0.0000000           0.0000000           0.0000000
           0.6519397           0.8389460           0.0000000           0.0000000           0.0000000           0.0000000
           0.6548161           0.8416719           0.0000000           0.0000000           0.0000000           0.0000000
           0.6578288           0.8442104           0.0000000           0.0000000           0.0000000           0.0000000
           0.6609816           0.8463966           0.0000000           0.0000000           0.0000000           0.0000000
           0.6642784           0.8480834           0.0000000           0.0000000           0.0000000           0.0000000
           0.6677229           0.8491473           0.0000000           0.0000000           0.0000000           0.0000000
           0.6713185           0.8494946           0.0000000           0.0000000           0.0000000           0.0000000
           0.6750685           0.8490644           0.0000000           0.0000000           0.0000000           0.0000000
           0.6789759           0.8478313           0.0000000           0.0000000           0.0000000           0.0000000
           0.6830434           0.8458055           0.0000000           0.0000000           0.0000000           0.0000000
           0.6872733           0.8430309           0.0000000           0.0000000           0.0000000           0.0000000
           0.6916679           0.8395823           0.0000000           0.0000000           0.0000000           0.0000000
           0.6962287           0.8355601           0.0000000           0.0000000           0.0000000           0.0000000
           0.7009570           0.8310851           0.0000000           0.0000000           0.0000000           0.0000000
           0.7058539           0.8262912           0.0000000           0.0000000           0.0000000           0.0000000
           0.7109198           0.8213189           0.0000000           0.0000000           0.0000000           0.0000000
           0.7161548           0.8163075           0.0000000           0.0000000           0.0000000           0.0000000
           0.7215584           0.8113893           0.0000000           0.0000000           0.0000000           0.0000000
           0.7271299           0.8066830           0.0000000           0.0000000           0.0000000           0.0000000
           0.7328678           0.8022893           0.0000000           0.0000000           0.0000000           0.0000000
           0.7387704           0.7982868           0.0000000           0.0000000           0.0000000           0.0000000
           0.7448353           0.7947299           0.0000000           0.0000000           0.0000000           0.0000000
           0.7510599           0.7916477           0.0000000           0.0000000           0.0000000           0.0000000
           0.7574409           0.7890445           0.0000000           0.0000000           0.0000000           0.0000000
           0.7639747           0.7869008           0.0000000           0.0000000           0.0000000           0.0000000
           0.7706572           0.7851762           0.0000000           0.0000000           0.0000000           0.0000000
           0.7774838           0.7838128           0.0000000           0.0000000           0.0000000           0.0000000
           0.7844497           0.7827385           0.0000000           0.0000000           0.0000000           0.0000000
           0.7915496           0.7818715           0.0000000           0.0000000           0.0000000           0.0000000
           0.7987779           0.7811244           0.0000000           0.0000000           0.0000000           0.0000000
           0.8061287           0.7804082           0.0000000           0.0000000           0.0000000           0.0000000
           0.8135956           0.7796361           0.0000000           0.0000000           0.0000000           0.0000000
           0.8211723           0.7787264           0.0000000           0.0000000           0.0000000           0.0000000
