           0.0000000           0.0000000           0.0000000           0.0000000           0.0000000           0.0000000
           0.0021582           0.1801646           0.0000000           0.0000000           0.0000000           0.0000000
           0.0021657           0.1807892           0.0000000           0.0000000           0.0000000           0.0000000
           0.0021732           0.1814154           0.0000000           0.0000000           0.0000000           0.0000000
           0.0021808           0.1820432           0.0000000           0.0000000           0.0000000           0.0000000
           0.0021883           0.1826727           0.0000000           0.0000000           0.0000000           0.0000000
           0.0021959           0.1833039           0.0000000           0.0000000           0.0000000           0.0000000
           0.0022035           0.1839367           0.0000000           0.0000000           0.0000000           0.0000000
           0.0022112           0.1845711           0.0000000           0.0000000           0.0000000           0.0000000
           0.0022188           0.1852072           0.0000000           0.0000000           0.0000000           0.0000000
           0.0022265           0.1858450           0.0000000           0.0000000           0.0000000           0.0000000
           0.0022342           0.1864844           0.0000000           0.0000000           0.0000000           0.0000000
           0.0022419           0.1871255           0.0000000           0.0000000           0.0000000           0.0000000
           0.0022496           0.1877683           0.0000000           0.0000000           0.0000000           0.0000000
           0.0022574           0.1884127           0.0000000           0.0000000           0.0000000           0.0000000
           0.0022651           0.1890588           0.0000000           0.0000000           0.0000000           0.0000000
           0.0022729           0.1897065           0.0000000           0.0000000           0.0000000           0.0000000
           0.0022807           0.1903560           0.0000000           0.0000000           0.0000000           0.0000000
           0.0022886           0.1910070           0.0000000           0.0000000           0.0000000           0.0000000
           0.0022964           0.1916598           0.0000000           0.0000000           0.0000000           0.0000000
           0.0023043           0.1923142           0.0000000           0.0000000           0.0000000           0.0000000
           0.0023122           0.1929703           0.0000000           0.0000000           0.0000000           0.0000000
           0.0023201           0.1936281           0.0000000           0.0000000           0.0000000           0.0000000
           0.0023280           0.1942875           0.0000000           0.0000000           0.0000000           0.0000000
           0.0023360           0.1949486           0.0000000           0.0000000           0.0000000           0.0000000
           0.0023439           0.1956114           0.0000000           0.0000000           0.0000000           0.0000000
           0.0023519           0.1962758           0.0000000           0.0000000           0.0000000           0.0000000
           0.0023599           0.1969419           0.0000000           0.0000000           0.0000000           0.0000000
           0.0023680           0.1976097           0.0000000           0.0000000           0.0000000           0.0000000
           0.0023760           0.1982792           0.0000000           0.0000000           0.0000000           0.0000000
           0.0023841           0.1989503           0.0000000           0.0000000           0.0000000           0.0000000
           0.0023922           0.1996230           0.0000000           0.0000000           0.0000000           0.0000000
           0.0024003           0.2002975           0.0000000           0.0000000           0.0000000           0.0000000
           0.0024084           0.2009736           0.0000000           0.0000000           0.0000000           0.0000000
           0.0024166           0.2016513           0.0000000           0.0000000           0.0000000           0.0000000
           0.0024248           0.2023308           0.0000000           0.0000000           0.0000000           0.0000000
           0.0024330           0.2030118           0.0000000           0.0000000           0.0000000           0.0000000
           0.0024412           0.2036946           0.0000000           0.0000000           0.0000000           0.0000000
           0.0024494           0.2043790           0.0000000           0.0000000           0.0000000           0.0000000
           0.0024577           0.2050650           0.0000000           0.0000000           0.0000000           0.0000000
           0.0024660           0.2057527           0.0000000           0.0000000           0.0000000           0.0000000
           0.0024743           0.2064420           0.0000000           0.0000000           0.0000000           0.0000000
           0.0024826           0.2071330           0.0000000           0.0000000           0.0000000           0.0000000
           0.0024909           0.2078256           0.0000000           0.0000000           0.0000000           0.0000000
           0.0024993           0.2085199           0.0000000           0.0000000           0.0000000           0.0000000
           0.0025076           0.2092158           0.0000000           0.0000000           0.0000000           0.0000000
           0.0025160           0.2099133           0.0000000           0.0000000           0.0000000           0.0000000
           0.0025245           0.2106124           0.0000000           0.0000000           0.0000000           0.0000000
           0.0025329           0.2113132           0.0000000           0.0000000           0.0000000           0.0000000
           0.0025414           0.2120156           0.0000000           0.0000000           0.0000000           0.0000000
           0.0025498           0.2127196           0.0000000           0.0000000           0.0000000           0.0000000
           0.0025583           0.2134252           0.0000000           0.0000000           0.0000000           0.0000000
           0.0025668           0.2141324           0.0000000           0.0000000           0.0000000           0.0000000
           0.0025754           0.2148412           0.0000000           0.0000000           0.0000000           0.0000000
           0.0025839           0.2155515           0.0000000           0.0000000           0.0000000           0.0000000
           0.0025925           0.2162635           0.0000000           0.0000000           0.0000000           0.0000000
           0.0026011           0.2169770           0.0000000           0.0000000           0.0000000           0.0000000
           0.0026097           0.2176921           0.0000000           0.0000000           0.0000000           0.0000000
           0.0026183           0.2184088           0.0000000           0.0000000           0.0000000           0.0000000
           0.0026270           0.2191270           0.0000000           0.0000000           0.0000000           0.0000000
           0.0026357           0.2198467           0.0000000           0.0000000           0.0000000           0.0000000
           0.0026443           0.2205680           0.0000000           0.0000000           0.0000000           0.0000000
           0.0026531           0.2212908           0.0000000           0.0000000           0.0000000           0.0000000
           0.0026618           0.2220152           0.0000000           0.0000000           0.0000000           0.0000000
           0.0026705           0.2227410           0.0000000           0.0000000           0.0000000           0.0000000
           0.0026793           0.2234683           0.0000000           0.0000000           0.0000000           0.0000000
           0.0026881           0.2241971           0.0000000           0.0000000           0.0000000           0.0000000
           0.0026969           0.2249273           0.0000000           0.0000000           0.0000000           0.0000000
           0.0027057           0.2256591           0.0000000           0.0000000           0.0000000           0.0000000
           0.0027145           0.2263922           0.0000000           0.0000000           0.0000000           0.0000000
           0.0027234           0.2271268           0.0000000           0.0000000           0.0000000           0.0000000
           0.0027322           0.2278629           0.0000000           0.0000000           0.0000000           0.0000000
           0.0027411           0.2286003           0.0000000           0.0000000           0.0000000           0.0000000
           0.0027500           0.2293391           0.0000000           0.0000000           0.0000000           0.0000000
           0.0027589           0.2300793           0.0000000           0.0000000           0.0000000           0.0000000
           0.0027679           0.2308209           0.0000000           0.0000000           0.0000000           0.0000000
           0.0027768           0.2315638           0.0000000           0.0000000           0.0000000           0.0000000
           0.0027858           0.2323081           0.0000000           0.0000000           0.0000000           0.0000000
           0.0027948           0.2330536           0.0000000           0.0000000           0.0000000           0.0000000
           0.0028038           0.2338005           0.0000000           0.0000000           0.0000000           0.0000000
           0.0028128           0.2345487           0.0000000           0.0000000           0.0000000           0.0000000
           0.0028218           0.2352982           0.0000000           0.0000000           0.0000000           0.0000000
           0.0028309           0.2360489           0.0000000           0.0000000           0.0000000           0.0000000
           0.0028399           0.2368009           0.0000000           0.0000000           0.0000000           0.0000000
           0.0028490           0.2375541           0.0000000           0.0000000           0.0000000           0.0000000
           0.0028581           0.2383085           0.0000000           0.0000000           0.0000000           0.0000000
           0.0028672           0.2390641           0.0000000           0.0000000           0.0000000           0.0000000
           0.0028764           0.2398210           0.0000000           0.0000000           0.0000000           0.0000000
           0.0028855           0.2405790           0.0000000           0.0000000           0.0000000           0.0000000
           0.0028946           0.2413381           0.0000000           0.0000000           0.0000000           0.0000000
           0.0029038           0.2420985           0.0000000           0.0000000           0.0000000           0.0000000
           0.0029130           0.2428599           0.0000000           0.0000000           0.0000000           0.0000000
           0.0029222           0.2436225           0.0000000           0.0000000           0.0000000           0.0000000
           0.0029314           0.2443862           0.0000000           0.0000000           0.0000000           0.0000000
           0.0029406           0.2451510           0.0000000           0.0000000           0.0000000           0.0000000
           0.0029498           0.2459169           0.0000000           0.0000000           0.0000000           0.0000000
           0.0029591           0.2466838           0.0000000           0.0000000           0.0000000           0.0000000
           0.0029684           0.2474519           0.0000000           0.0000000           0.0000000           0.0000000
           0.0029776           0.2482209           0.0000000           0.0000000           0.0000000           0.0000000
           0.0029869           0.2489911           0.0000000           0.0000000           0.0000000           0.0000000
           0.0029962           0.2497623           0.0000000           0.0000000           0.0000000           0.0000000
           0.0030055           0.2505345           0.0000000           0.0000000           0.0000000           0.0000000
           0.0030149           0.2513078           0.0000000           0.0000000           0.0000000           0.0000000
           0.0030242           0.2520821           0.0000000           0.0000000           0.0000000           0.0000000
           0.0030336           0.2528574           0.0000000           0.0000000           0.0000000           0.0000000
           0.0030429           0.2536338           0.0000000           0.0000000           0.0000000           0.0000000
           0.0030523           0.2544111           0.0000000           0.0000000           0.0000000           0.0000000
           0.0030617           0.2551895           0.0000000           0.0000000           0.0000000           0.0000000
           0.0030711           0.2559689           0.0000000           0.0000000           0.0000000           0.0000000
           0.0030805           0.2567493           0.0000000           0.0000000           0.0000000           0.0000000
           0.0030899           0.2575307           0.0000000           0.0000000           0.0000000           0.0000000
           0.0030994           0.2583132           0.0000000           0.0000000           0.0000000           0.0000000
           0.0031088           0.2590966           0.0000000           0.0000000           0.0000000           0.0000000
           0.0031183           0.2598811           0.0000000           0.0000000           0.0000000           0.0000000
           0.0031278           0.2606666           0.0000000           0.0000000           0.0000000           0.0000000
           0.0031372           0.2614532           0.0000000           0.0000000           0.0000000           0.0000000
           0.0031468           0.2622408           0.0000000           0.0000000           0.0000000           0.0000000
           0.0031563           0.2630294           0.0000000           0.0000000           0.0000000           0.0000000
           0.0031658           0.2638191           0.0000000           0.0000000           0.0000000           0.0000000
           0.0031753           0.2646098           0.0000000           0.0000000           0.0000000           0.0000000
           0.0031849           0.2654017           0.0000000           0.0000000           0.0000000           0.0000000
           0.0031945           0.2661946           0.0000000           0.0000000           0.0000000           0.0000000
           0.0032040           0.2669885           0.0000000           0.0000000           0.0000000           0.0000000
           0.0032136           0.2677836           0.0000000           0.0000000           0.0000000           0.0000000
           0.0032232           0.2685798           0.0000000           0.0000000           0.0000000           0.0000000
           0.0032329           0.2693772           0.0000000           0.0000000           0.0000000           0.0000000
           0.0032425           0.2701756           0.0000000           0.0000000           0.0000000           0.0000000
           0.0032522           0.2709752           0.0000000           0.0000000           0.0000000           0.0000000
           0.0032618           0.2717760           0.0000000           0.0000000           0.0000000           0.0000000
           0.0032715           0.2725780           0.0000000           0.0000000           0.0000000           0.0000000
           0.0032812           0.2733811           0.0000000           0.0000000           0.0000000           0.0000000
           0.0032909           0.2741855           0.0000000           0.0000000           0.0000000           0.0000000
           0.0033006           0.2749911           0.0000000           0.0000000           0.0000000           0.0000000
           0.0033104           0.2757979           0.0000000           0.0000000           0.0000000           0.0000000
           0.0033201           0.2766059           0.0000000           0.0000000           0.0000000           0.0000000
           0.0033299           0.2774153           0.0000000           0.0000000           0.0000000           0.0000000
           0.0033397           0.2782259           0.0000000           0.0000000           0.0000000           0.0000000
           0.0033495           0.2790378           0.0000000           0.0000000           0.0000000           0.0000000
           0.0033593           0.2798510           0.0000000           0.0000000           0.0000000           0.0000000
           0.0033691           0.2806656           0.0000000           0.0000000           0.0000000           0.0000000
           0.0033790           0.2814815           0.0000000           0.0000000           0.0000000           0.0000000
           0.0033888           0.2822988           0.0000000           0.0000000           0.0000000           0.0000000
           0.0033987           0.2831175           0.0000000           0.0000000           0.0000000           0.0000000
           0.0034086           0.2839376           0.0000000           0.0000000           0.0000000           0.0000000
           0.0034185           0.2847591           0.0000000           0.0000000           0.0000000           0.0000000
           0.0034285           0.2855820           0.0000000           0.0000000           0.0000000           0.0000000
           0.0034384           0.2864064           0.0000000           0.0000000           0.0000000           0.0000000
           0.0034484           0.2872323           0.0000000           0.0000000           0.0000000           0.0000000
           0.0034584           0.2880597           0.0000000           0.0000000           0.0000000           0.0000000
           0.0034684           0.2888885           0.0000000           0.0000000           0.0000000           0.0000000
           0.0034784           0.2897189           0.0000000           0.0000000           0.0000000           0.0000000
           0.0034885           0.2905509           0.0000000           0.0000000           0.0000000           0.0000000
           0.0034986           0.2913844           0.0000000           0.0000000           0.0000000           0.0000000
           0.0035086           0.2922195           0.0000000           0.0000000           0.0000000           0.0000000
           0.0035187           0.2930562           0.0000000           0.0000000           0.0000000           0.0000000
           0.0035289           0.2938945           0.0000000           0.0000000           0.0000000           0.0000000
           0.0035390           0.2947344           0.0000000           0.0000000           0.0000000           0.0000000
           0.0035492           0.2955760           0.0000000           0.0000000           0.0000000           0.0000000
           0.0035594           0.2964192           0.0000000           0.0000000           0.0000000           0.0000000
           0.0035696           0.2972642           0.0000000           0.0000000           0.0000000           0.0000000
           0.0035798           0.2981108           0.0000000           0.0000000           0.0000000           0.0000000
           0.0035901           0.2989591           0.0000000           0.0000000           0.0000000           0.0000000
           0.0036003           0.2998092           0.0000000           0.0000000           0.0000000           0.0000000
           0.0036106           0.3006611           0.0000000           0.0000000           0.0000000           0.0000000
           0.0036209           0.3015147           0.0000000           0.0000000           0.0000000           0.0000000
           0.0036313           0.3023701           0.0000000           0.0000000           0.0000000           0.0000000
           0.0036416           0.3032273           0.0000000           0.0000000           0.0000000           0.0000000
           0.0036520           0.3040863           0.0000000           0.0000000           0.0000000           0.0000000
           0.0036624           0.3049471           0.0000000           0.0000000           0.0000000           0.0000000
           0.0036728           0.3058098           0.0000000           0.0000000           0.0000000           0.0000000
           0.0036833           0.3066744           0.0000000           0.0000000           0.0000000           0.0000000
           0.0036938           0.3075409           0.0000000           0.0000000           0.0000000           0.0000000
           0.0037042           0.3084092           0.0000000           0.0000000           0.0000000           0.0000000
           0.0037148           0.3092795           0.0000000           0.0000000           0.0000000           0.0000000
           0.0037253           0.3101517           0.0000000           0.0000000           0.0000000           0.0000000
           0.0037359           0.3110259           0.0000000           0.0000000           0.0000000           0.0000000
           0.0037465           0.3119020           0.0000000           0.0000000           0.0000000           0.0000000
           0.0037571           0.3127801           0.0000000           0.0000000           0.0000000           0.0000000
           0.0037677           0.3136602           0.0000000           0.0000000           0.0000000           0.0000000
           0.0037784           0.3145423           0.0000000           0.0000000           0.0000000           0.0000000
           0.0037891           0.3154264           0.0000000           0.0000000           0.0000000           0.0000000
           0.0037998           0.3163126           0.0000000           0.0000000           0.0000000           0.0000000
           0.0038105           0.3172008           0.0000000           0.0000000           0.0000000           0.0000000
           0.0038213           0.3180911           0.0000000           0.0000000           0.0000000           0.0000000
           0.0038321           0.3189834           0.0000000           0.0000000           0.0000000           0.0000000
           0.0038429           0.3198779           0.0000000           0.0000000           0.0000000           0.0000000
           0.0038537           0.3207745           0.0000000           0.0000000           0.0000000           0.0000000
           0.0038646           0.3216732           0.0000000           0.0000000           0.0000000           0.0000000
           0.0038755           0.3225740           0.0000000           0.0000000           0.0000000           0.0000000
           0.0038864           0.3234770           0.0000000           0.0000000           0.0000000           0.0000000
           0.0038974           0.3243822           0.0000000           0.0000000           0.0000000           0.0000000
           0.0039083           0.3252896           0.0000000           0.0000000           0.0000000           0.0000000
           0.0039193           0.3261991           0.0000000           0.0000000           0.0000000           0.0000000
           0.0039304           0.3271109           0.0000000           0.0000000           0.0000000           0.0000000
           0.0039414           0.3280249           0.0000000           0.0000000           0.0000000           0.0000000
           0.0039525           0.3289411           0.0000000           0.0000000           0.0000000           0.0000000
           0.0039636           0.3298596           0.0000000           0.0000000           0.0000000           0.0000000
           0.0039747           0.3307803           0.0000000           0.0000000           0.0000000           0.0000000
           0.0039859           0.3317033           0.0000000           0.0000000           0.0000000           0.0000000
           0.0039971           0.3326286           0.0000000           0.0000000           0.0000000           0.0000000
           0.0040463           0.3366975           0.0000000           0.0000000           0.0000000           0.0000000
           0.0040961           0.3408113           0.0000000           0.0000000           0.0000000           0.0000000
           0.0041465           0.3449711           0.0000000           0.0000000           0.0000000           0.0000000
           0.0041974           0.3491779           0.0000000           0.0000000           0.0000000           0.0000000
           0.0042489           0.3534325           0.0000000           0.0000000           0.0000000           0.0000000
           0.0043010           0.3577359           0.0000000           0.0000000           0.0000000           0.0000000
           0.0043537           0.3620890           0.0000000           0.0000000           0.0000000           0.0000000
           0.0044071           0.3664926           0.0000000           0.0000000           0.0000000           0.0000000
           0.0044611           0.3709475           0.0000000           0.0000000           0.0000000           0.0000000
           0.0045157           0.3754545           0.0000000           0.0000000           0.0000000           0.0000000
           0.0045710           0.3800144           0.0000000           0.0000000           0.0000000           0.0000000
           0.0046269           0.3846279           0.0000000           0.0000000           0.0000000           0.0000000
           0.0046836           0.3892958           0.0000000           0.0000000           0.0000000           0.0000000
           0.0047409           0.3940187           0.0000000           0.0000000           0.0000000           0.0000000
           0.0047989           0.3987973           0.0000000           0.0000000           0.0000000           0.0000000
           0.0048575           0.4036323           0.0000000           0.0000000           0.0000000           0.0000000
           0.0049169           0.4085244           0.0000000           0.0000000           0.0000000           0.0000000
           0.0049770           0.4134741           0.0000000           0.0000000           0.0000000           0.0000000
           0.0050379           0.4184821           0.0000000           0.0000000           0.0000000           0.0000000
           0.0050995           0.4235490           0.0000000           0.0000000           0.0000000           0.0000000
           0.0051618           0.4286754           0.0000000           0.0000000           0.0000000           0.0000000
           0.0052248           0.4338618           0.0000000           0.0000000           0.0000000           0.0000000
           0.0052886           0.4391089           0.0000000           0.0000000           0.0000000           0.0000000
           0.0053532           0.4444171           0.0000000           0.0000000           0.0000000           0.0000000
           0.0054185           0.4497872           0.0000000           0.0000000           0.0000000           0.0000000
           0.0054847           0.4552195           0.0000000           0.0000000           0.0000000           0.0000000
           0.0055516           0.4607147           0.0000000           0.0000000           0.0000000           0.0000000
           0.0056193           0.4662732           0.0000000           0.0000000           0.0000000           0.0000000
           0.0056878           0.4718957           0.0000000           0.0000000           0.0000000           0.0000000
           0.0057571           0.4775826           0.0000000           0.0000000           0.0000000           0.0000000
           0.0058272           0.4833345           0.0000000           0.0000000           0.0000000           0.0000000
           0.0058981           0.4891518           0.0000000           0.0000000           0.0000000           0.0000000
           0.0059699           0.4950352           0.0000000           0.0000000           0.0000000           0.0000000
           0.0060425           0.5009852           0.0000000           0.0000000           0.0000000           0.0000000
           0.0061159           0.5070021           0.0000000           0.0000000           0.0000000           0.0000000
           0.0061902           0.5130867           0.0000000           0.0000000           0.0000000           0.0000000
           0.0062654           0.5192394           0.0000000           0.0000000           0.0000000           0.0000000
           0.0063414           0.5254606           0.0000000           0.0000000           0.0000000           0.0000000
           0.0064183           0.5317511           0.0000000           0.0000000           0.0000000           0.0000000
           0.0064961           0.5381112           0.0000000           0.0000000           0.0000000           0.0000000
           0.0065748           0.5445415           0.0000000           0.0000000           0.0000000           0.0000000
           0.0066543           0.5510425           0.0000000           0.0000000           0.0000000           0.0000000
           0.0067348           0.5576149           0.0000000           0.0000000           0.0000000           0.0000000
           0.0068161           0.5642590           0.0000000           0.0000000           0.0000000           0.0000000
           0.0068984           0.5709756           0.0000000           0.0000000           0.0000000           0.0000000
           0.0069816           0.5777650           0.0000000           0.0000000           0.0000000           0.0000000
           0.0070658           0.5846279           0.0000000           0.0000000           0.0000000           0.0000000
           0.0071509           0.5915649           0.0000000           0.0000000           0.0000000           0.0000000
           0.0072369           0.5985765           0.0000000           0.0000000           0.0000000           0.0000000
           0.0073239           0.6056632           0.0000000           0.0000000           0.0000000           0.0000000
           0.0074119           0.6128257           0.0000000           0.0000000           0.0000000           0.0000000
           0.0075008           0.6200646           0.0000000           0.0000000           0.0000000           0.0000000
           0.0075907           0.6273805           0.0000000           0.0000000           0.0000000           0.0000000
           0.0076816           0.6347739           0.0000000           0.0000000           0.0000000           0.0000000
           0.0077735           0.6422454           0.0000000           0.0000000           0.0000000           0.0000000
           0.0078664           0.6497958           0.0000000           0.0000000           0.0000000           0.0000000
           0.0079604           0.6574256           0.0000000           0.0000000           0.0000000           0.0000000
           0.0080553           0.6651354           0.0000000           0.0000000           0.0000000           0.0000000
           0.0081513           0.6729260           0.0000000           0.0000000           0.0000000           0.0000000
           0.0082484           0.6807979           0.0000000           0.0000000           0.0000000           0.0000000
           0.0083464           0.6887519           0.0000000           0.0000000           0.0000000           0.0000000
           0.0084456           0.6967885           0.0000000           0.0000000           0.0000000           0.0000000
           0.0085458           0.7049086           0.0000000           0.0000000           0.0000000           0.0000000
           0.0086471           0.7131127           0.0000000           0.0000000           0.0000000           0.0000000
           0.0087495           0.7214017           0.0000000           0.0000000           0.0000000           0.0000000
           0.0088530           0.7297761           0.0000000           0.0000000           0.0000000           0.0000000
           0.0089577           0.7382368           0.0000000           0.0000000           0.0000000           0.0000000
           0.0090634           0.7467845           0.0000000           0.0000000           0.0000000           0.0000000
           0.0091703           0.7554199           0.0000000           0.0000000           0.0000000           0.0000000
           0.0092783           0.7641438           0.0000000           0.0000000           0.0000000           0.0000000
           0.0093875           0.7729570           0.0000000           0.0000000           0.0000000           0.0000000
           0.0094978           0.7818602           0.0000000           0.0000000           0.0000000           0.0000000
           0.0096093           0.7908542           0.0000000           0.0000000           0.0000000           0.0000000
           0.0097220           0.7999399           0.0000000           0.0000000           0.0000000           0.0000000
           0.0098359           0.8091181           0.0000000           0.0000000           0.0000000           0.0000000
           0.0099510           0.8183896           0.0000000           0.0000000           0.0000000           0.0000000
           0.0100673           0.8277552           0.0000000           0.0000000           0.0000000           0.0000000
           0.0101849           0.8372158           0.0000000           0.0000000           0.0000000           0.0000000
           0.0103037           0.8467724           0.0000000           0.0000000           0.0000000           0.0000000
           0.0104238           0.8564256           0.0000000           0.0000000           0.0000000           0.0000000
           0.0105451           0.8661766           0.0000000           0.0000000           0.0000000           0.0000000
           0.0106678           0.8760261           0.0000000           0.0000000           0.0000000           0.0000000
           0.0107917           0.8859751           0.0000000           0.0000000           0.0000000           0.0000000
           0.0109169           0.8960246           0.0000000           0.0000000           0.0000000           0.0000000
           0.0110434           0.9061754           0.0000000           0.0000000           0.0000000           0.0000000
           0.0111713           0.9164286           0.0000000           0.0000000           0.0000000           0.0000000
           0.0113005           0.9267852           0.0000000           0.0000000           0.0000000           0.0000000
           0.0114311           0.9372461           0.0000000           0.0000000           0.0000000           0.0000000
           0.0115631           0.9478123           0.0000000           0.0000000           0.0000000           0.0000000
           0.0116964           0.9584849           0.0000000           0.0000000           0.0000000           0.0000000
           0.0118312           0.9692649           0.0000000           0.0000000           0.0000000           0.0000000
           0.0119674           0.9801534           0.0000000           0.0000000           0.0000000           0.0000000
           0.0121050           0.9911514           0.0000000           0.0000000           0.0000000           0.0000000
           0.0122440           1.0022600           0.0000000           0.0000000           0.0000000           0.0000000
           0.0123845           1.0134804           0.0000000           0.0000000           0.0000000           0.0000000
           0.0125265           1.0248136           0.0000000           0.0000000           0.0000000           0.0000000
           0.0126700           1.0362608           0.0000000           0.0000000           0.0000000           0.0000000
           0.0128149           1.0478231           0.0000000           0.0000000           0.0000000           0.0000000
           0.0129614           1.0595018           0.0000000           0.0000000           0.0000000           0.0000000
           0.0131095           1.0712979           0.0000000           0.0000000           0.0000000           0.0000000
           0.0132590           1.0832127           0.0000000           0.0000000           0.0000000           0.0000000
           0.0134102           1.0952474           0.0000000           0.0000000           0.0000000           0.0000000
           0.0135629           1.1074033           0.0000000           0.0000000           0.0000000           0.0000000
           0.0137173           1.1196815           0.0000000           0.0000000           0.0000000           0.0000000
           0.0138732           1.1320835           0.0000000           0.0000000           0.0000000           0.0000000
           0.0140308           1.1446103           0.0000000           0.0000000           0.0000000           0.0000000
           0.0141900           1.1572635           0.0000000           0.0000000           0.0000000           0.0000000
           0.0143510           1.1700442           0.0000000           0.0000000           0.0000000           0.0000000
           0.0145136           1.1829539           0.0000000           0.0000000           0.0000000           0.0000000
           0.0146779           1.1959938           0.0000000           0.0000000           0.0000000           0.0000000
           0.0148439           1.2091655           0.0000000           0.0000000           0.0000000           0.0000000
           0.0150116           1.2224702           0.0000000           0.0000000           0.0000000           0.0000000
           0.0151812           1.2359094           0.0000000           0.0000000           0.0000000           0.0000000
           0.0153525           1.2494846           0.0000000           0.0000000           0.0000000           0.0000000
           0.0155256           1.2631972           0.0000000           0.0000000           0.0000000           0.0000000
           0.0157005           1.2770486           0.0000000           0.0000000           0.0000000           0.0000000
           0.0158772           1.2910405           0.0000000           0.0000000           0.0000000           0.0000000
           0.0160558           1.3051742           0.0000000           0.0000000           0.0000000           0.0000000
           0.0162363           1.3194514           0.0000000           0.0000000           0.0000000           0.0000000
           0.0164186           1.3338737           0.0000000           0.0000000           0.0000000           0.0000000
           0.0166029           1.3484425           0.0000000           0.0000000           0.0000000           0.0000000
           0.0167891           1.3631595           0.0000000           0.0000000           0.0000000           0.0000000
           0.0169773           1.3780264           0.0000000           0.0000000           0.0000000           0.0000000
           0.0171674           1.3930448           0.0000000           0.0000000           0.0000000           0.0000000
           0.0173595           1.4082163           0.0000000           0.0000000           0.0000000           0.0000000
           0.0175537           1.4235427           0.0000000           0.0000000           0.0000000           0.0000000
           0.0177499           1.4390256           0.0000000           0.0000000           0.0000000           0.0000000
           0.0179481           1.4546669           0.0000000           0.0000000           0.0000000           0.0000000
           0.0181485           1.4704682           0.0000000           0.0000000           0.0000000           0.0000000
           0.0183509           1.4864314           0.0000000           0.0000000           0.0000000           0.0000000
           0.0185554           1.5025583           0.0000000           0.0000000           0.0000000           0.0000000
           0.0187622           1.5188507           0.0000000           0.0000000           0.0000000           0.0000000
           0.0189710           1.5353105           0.0000000           0.0000000           0.0000000           0.0000000
           0.0191821           1.5519395           0.0000000           0.0000000           0.0000000           0.0000000
           0.0193954           1.5687396           0.0000000           0.0000000           0.0000000           0.0000000
           0.0196110           1.5857129           0.0000000           0.0000000           0.0000000           0.0000000
           0.0198288           1.6028611           0.0000000           0.0000000           0.0000000           0.0000000
           0.0200489           1.6201864           0.0000000           0.0000000           0.0000000           0.0000000
           0.0202713           1.6376908           0.0000000           0.0000000           0.0000000           0.0000000
           0.0204961           1.6553761           0.0000000           0.0000000           0.0000000           0.0000000
           0.0207232           1.6732446           0.0000000           0.0000000           0.0000000           0.0000000
           0.0209527           1.6912983           0.0000000           0.0000000           0.0000000           0.0000000
           0.0211846           1.7095393           0.0000000           0.0000000           0.0000000           0.0000000
           0.0214190           1.7279697           0.0000000           0.0000000           0.0000000           0.0000000
           0.0216559           1.7465917           0.0000000           0.0000000           0.0000000           0.0000000
           0.0218952           1.7654075           0.0000000           0.0000000           0.0000000           0.0000000
           0.0221371           1.7844193           0.0000000           0.0000000           0.0000000           0.0000000
           0.0223815           1.8036293           0.0000000           0.0000000           0.0000000           0.0000000
           0.0226285           1.8230398           0.0000000           0.0000000           0.0000000           0.0000000
           0.0228781           1.8426530           0.0000000           0.0000000           0.0000000           0.0000000
           0.0231303           1.8624713           0.0000000           0.0000000           0.0000000           0.0000000
           0.0233852           1.8824971           0.0000000           0.0000000           0.0000000           0.0000000
           0.0236428           1.9027326           0.0000000           0.0000000           0.0000000           0.0000000
           0.0239031           1.9231803           0.0000000           0.0000000           0.0000000           0.0000000
           0.0241661           1.9438426           0.0000000           0.0000000           0.0000000           0.0000000
           0.0244319           1.9647220           0.0000000           0.0000000           0.0000000           0.0000000
           0.0247006           1.9858208           0.0000000           0.0000000           0.0000000           0.0000000
           0.0249720           2.0071417           0.0000000           0.0000000           0.0000000           0.0000000
           0.0252463           2.0286871           0.0000000           0.0000000           0.0000000           0.0000000
           0.0255235           2.0504596           0.0000000           0.0000000           0.0000000           0.0000000
           0.0258037           2.0724617           0.0000000           0.0000000           0.0000000           0.0000000
           0.0260868           2.0946960           0.0000000           0.0000000           0.0000000           0.0000000
           0.0263729           2.1171652           0.0000000           0.0000000           0.0000000           0.0000000
           0.0266620           2.1398718           0.0000000           0.0000000           0.0000000           0.0000000
           0.0269541           2.1628187           0.0000000           0.0000000           0.0000000           0.0000000
           0.0272494           2.1860083           0.0000000           0.0000000           0.0000000           0.0000000
           0.0275477           2.2094435           0.0000000           0.0000000           0.0000000           0.0000000
           0.0278492           2.2331270           0.0000000           0.0000000           0.0000000           0.0000000
           0.0281539           2.2570616           0.0000000           0.0000000           0.0000000           0.0000000
           0.0284618           2.2812499           0.0000000           0.0000000           0.0000000           0.0000000
           0.0287730           2.3056949           0.0000000           0.0000000           0.0000000           0.0000000
           0.0290874           2.3303992           0.0000000           0.0000000           0.0000000           0.0000000
           0.0294052           2.3553658           0.0000000           0.0000000           0.0000000           0.0000000
           0.0297263           2.3805975           0.0000000           0.0000000           0.0000000           0.0000000
           0.0300507           2.4060972           0.0000000           0.0000000           0.0000000           0.0000000
           0.0303786           2.4318677           0.0000000           0.0000000           0.0000000           0.0000000
           0.0307100           2.4579119           0.0000000           0.0000000           0.0000000           0.0000000
           0.0310448           2.4842328           0.0000000           0.0000000           0.0000000           0.0000000
           0.0313832           2.5108332           0.0000000           0.0000000           0.0000000           0.0000000
           0.0317251           2.5377161           0.0000000           0.0000000           0.0000000           0.0000000
           0.0320706           2.5648844           0.0000000           0.0000000           0.0000000           0.0000000
           0.0324198           2.5923411           0.0000000           0.0000000           0.0000000           0.0000000
           0.0327726           2.6200891           0.0000000           0.0000000           0.0000000           0.0000000
           0.0331291           2.6481314           0.0000000           0.0000000           0.0000000           0.0000000
           0.0334893           2.6764710           0.0000000           0.0000000           0.0000000           0.0000000
           0.0338533           2.7051107           0.0000000           0.0000000           0.0000000           0.0000000
           0.0342212           2.7340536           0.0000000           0.0000000           0.0000000           0.0000000
           0.0345929           2.7633026           0.0000000           0.0000000           0.0000000           0.0000000
           0.0349684           2.7928606           0.0000000           0.0000000           0.0000000           0.0000000
           0.0353479           2.8227306           0.0000000           0.0000000           0.0000000           0.0000000
           0.0357313           2.8529155           0.0000000           0.0000000           0.0000000           0.0000000
           0.0361187           2.8834183           0.0000000           0.0000000           0.0000000           0.0000000
           0.0365102           2.9142417           0.0000000           0.0000000           0.0000000           0.0000000
           0.0369057           2.9453887           0.0000000           0.0000000           0.0000000           0.0000000
           0.0373053           2.9768621           0.0000000           0.0000000           0.0000000           0.0000000
           0.0377090           3.0086647           0.0000000           0.0000000           0.0000000           0.0000000
           0.0381169           3.0407994           0.0000000           0.0000000           0.0000000           0.0000000
           0.0385290           3.0732687           0.0000000           0.0000000           0.0000000           0.0000000
           0.0389453           3.1060755           0.0000000           0.0000000           0.0000000           0.0000000
           0.0393659           3.1392224           0.0000000           0.0000000           0.0000000           0.0000000
           0.0397908           3.1727119           0.0000000           0.0000000           0.0000000           0.0000000
           0.0402200           3.2065467           0.0000000           0.0000000           0.0000000           0.0000000
           0.0406536           3.2407291           0.0000000           0.0000000           0.0000000           0.0000000
           0.0410916           3.2752615           0.0000000           0.0000000           0.0000000           0.0000000
           0.0415340           3.3101463           0.0000000           0.0000000           0.0000000           0.0000000
           0.0419809           3.3453856           0.0000000           0.0000000           0.0000000           0.0000000
           0.0424322           3.3809817           0.0000000           0.0000000           0.0000000           0.0000000
           0.0428880           3.4169364           0.0000000           0.0000000           0.0000000           0.0000000
           0.0433484           3.4532517           0.0000000           0.0000000           0.0000000           0.0000000
           0.0438133           3.4899294           0.0000000           0.0000000           0.0000000           0.0000000
           0.0442828           3.5269710           0.0000000           0.0000000           0.0000000           0.0000000
           0.0447569           3.5643780           0.0000000           0.0000000           0.0000000           0.0000000
           0.0452355           3.6021517           0.0000000           0.0000000           0.0000000           0.0000000
           0.0457188           3.6402933           0.0000000           0.0000000           0.0000000           0.0000000
           0.0462068           3.6788035           0.0000000           0.0000000           0.0000000           0.0000000
           0.0466993           3.7176832           0.0000000           0.0000000           0.0000000           0.0000000
           0.0471965           3.7569327           0.0000000           0.0000000           0.0000000           0.0000000
           0.0476984           3.7965523           0.0000000           0.0000000           0.0000000           0.0000000
           0.0482049           3.8365419           0.0000000           0.0000000           0.0000000           0.0000000
           0.0487161           3.8769012           0.0000000           0.0000000           0.0000000           0.0000000
           0.0492319           3.9176293           0.0000000           0.0000000           0.0000000           0.0000000
           0.0497523           3.9587253           0.0000000           0.0000000           0.0000000           0.0000000
           0.0502774           4.0001878           0.0000000           0.0000000           0.0000000           0.0000000
           0.0508070           4.0420149           0.0000000           0.0000000           0.0000000           0.0000000
           0.0513412           4.0842044           0.0000000           0.0000000           0.0000000           0.0000000
           0.0518799           4.1267534           0.0000000           0.0000000           0.0000000           0.0000000
           0.0524231           4.1696588           0.0000000           0.0000000           0.0000000           0.0000000
           0.0529707           4.2129168           0.0000000           0.0000000           0.0000000           0.0000000
           0.0535227           4.2565229           0.0000000           0.0000000           0.0000000           0.0000000
           0.0540790           4.3004722           0.0000000           0.0000000           0.0000000           0.0000000
           0.0546396           4.3447589           0.0000000           0.0000000           0.0000000           0.0000000
           0.0552043           4.3893766           0.0000000           0.0000000           0.0000000           0.0000000
           0.0557731           4.4343181           0.0000000           0.0000000           0.0000000           0.0000000
           0.0563458           4.4795753           0.0000000           0.0000000           0.0000000           0.0000000
           0.0569225           4.5251395           0.0000000           0.0000000           0.0000000           0.0000000
           0.0575028           4.5710006           0.0000000           0.0000000           0.0000000           0.0000000
           0.0580868           4.6171478           0.0000000           0.0000000           0.0000000           0.0000000
           0.0586742           4.6635692           0.0000000           0.0000000           0.0000000           0.0000000
           0.0592648           4.7102517           0.0000000           0.0000000           0.0000000           0.0000000
           0.0598586           4.7571809           0.0000000           0.0000000           0.0000000           0.0000000
           0.0604553           4.8043413           0.0000000           0.0000000           0.0000000           0.0000000
           0.0610546           4.8517160           0.0000000           0.0000000           0.0000000           0.0000000
           0.0616565           4.8992865           0.0000000           0.0000000           0.0000000           0.0000000
           0.0622605           4.9470331           0.0000000           0.0000000           0.0000000           0.0000000
           0.0628665           4.9949342           0.0000000           0.0000000           0.0000000           0.0000000
           0.0634741           5.0429667           0.0000000           0.0000000           0.0000000           0.0000000
           0.0640830           5.0911058           0.0000000           0.0000000           0.0000000           0.0000000
           0.0646930           5.1393246           0.0000000           0.0000000           0.0000000           0.0000000
           0.0653036           5.1875946           0.0000000           0.0000000           0.0000000           0.0000000
           0.0659144           5.2358853           0.0000000           0.0000000           0.0000000           0.0000000
           0.0665250           5.2841638           0.0000000           0.0000000           0.0000000           0.0000000
           0.0671351           5.3323954           0.0000000           0.0000000           0.0000000           0.0000000
           0.0677441           5.3805432           0.0000000           0.0000000           0.0000000           0.0000000
           0.0683515           5.4285677           0.0000000           0.0000000           0.0000000           0.0000000
           0.0689569           5.4764275           0.0000000           0.0000000           0.0000000           0.0000000
           0.0695596           5.5240785           0.0000000           0.0000000           0.0000000           0.0000000
           0.0701590           5.5714744           0.0000000           0.0000000           0.0000000           0.0000000
           0.0707547           5.6185662           0.0000000           0.0000000           0.0000000           0.0000000
           0.0713458           5.6653029           0.0000000           0.0000000           0.0000000           0.0000000
           0.0719318           5.7116305           0.0000000           0.0000000           0.0000000           0.0000000
           0.0725119           5.7574930           0.0000000           0.0000000           0.0000000           0.0000000
           0.0730853           5.8028317           0.0000000           0.0000000           0.0000000           0.0000000
           0.0736514           5.8475856           0.0000000           0.0000000           0.0000000           0.0000000
           0.0742094           5.8916914           0.0000000           0.0000000           0.0000000           0.0000000
           0.0747583           5.9350837           0.0000000           0.0000000           0.0000000           0.0000000
           0.0752973           5.9776949           0.0000000           0.0000000           0.0000000           0.0000000
           0.0758256           6.0194555           0.0000000           0.0000000           0.0000000           0.0000000
           0.0763423           6.0602940           0.0000000           0.0000000           0.0000000           0.0000000
           0.0768464           6.1001376           0.0000000           0.0000000           0.0000000           0.0000000
           0.0773371           6.1389120           0.0000000           0.0000000           0.0000000           0.0000000
           0.0778132           6.1765416           0.0000000           0.0000000           0.0000000           0.0000000
           0.0782740           6.2129502           0.0000000           0.0000000           0.0000000           0.0000000
           0.0787184           6.2480608           0.0000000           0.0000000           0.0000000           0.0000000
           0.0791454           6.2817962           0.0000000           0.0000000           0.0000000           0.0000000
           0.0795541           6.3140793           0.0000000           0.0000000           0.0000000           0.0000000
           0.0799435           6.3448335           0.0000000           0.0000000           0.0000000           0.0000000
           0.0803127           6.3739828           0.0000000           0.0000000           0.0000000           0.0000000
           0.0806607           6.4014528           0.0000000           0.0000000           0.0000000           0.0000000
           0.0809865           6.4271703           0.0000000           0.0000000           0.0000000           0.0000000
           0.0812894           6.4510644           0.0000000           0.0000000           0.0000000           0.0000000
           0.0815684           6.4730665           0.0000000           0.0000000           0.0000000           0.0000000
           0.0818226           6.4931109           0.0000000           0.0000000           0.0000000           0.0000000
           0.0820514           6.5111351           0.0000000           0.0000000           0.0000000           0.0000000
           0.0822540           6.5270803           0.0000000           0.0000000           0.0000000           0.0000000
           0.0824296           6.5408917           0.0000000           0.0000000           0.0000000           0.0000000
           0.0825777           6.5525190           0.0000000           0.0000000           0.0000000           0.0000000
           0.0826976           6.5619162           0.0000000           0.0000000           0.0000000           0.0000000
           0.0827889           6.5690427           0.0000000           0.0000000           0.0000000           0.0000000
           0.0828510           6.5738629           0.0000000           0.0000000           0.0000000           0.0000000
           0.0828837           6.5763468           0.0000000           0.0000000           0.0000000           0.0000000
           0.0828866           6.5764700           0.0000000           0.0000000           0.0000000           0.0000000
           0.0828595           6.5742139           0.0000000           0.0000000           0.0000000           0.0000000
           0.0828022           6.5695658           0.0000000           0.0000000           0.0000000           0.0000000
           0.0827146           6.5625190           0.0000000           0.0000000           0.0000000           0.0000000
           0.0825968           6.5530728           0.0000000           0.0000000           0.0000000           0.0000000
           0.0824487           6.5412322           0.0000000           0.0000000           0.0000000           0.0000000
           0.0822705           6.5270084           0.0000000           0.0000000           0.0000000           0.0000000
           0.0820625           6.5104182           0.0000000           0.0000000           0.0000000           0.0000000
           0.0818249           6.4914839           0.0000000           0.0000000           0.0000000           0.0000000
           0.0815581           6.4702333           0.0000000           0.0000000           0.0000000           0.0000000
