           0.0000000           0.0000000           0.0000000           0.0000000           0.0000000           0.0000000
           0.0021582           0.1781986           0.0000000           0.0000000           0.0000000           0.0000000
           0.0021657           0.1788034           0.0000000           0.0000000           0.0000000           0.0000000
           0.0021732           0.1794096           0.0000000           0.0000000           0.0000000           0.0000000
           0.0021808           0.1800174           0.0000000           0.0000000           0.0000000           0.0000000
           0.0021883           0.1806266           0.0000000           0.0000000           0.0000000           0.0000000
           0.0021959           0.1812372           0.0000000           0.0000000           0.0000000           0.0000000
           0.0022035           0.1818494           0.0000000           0.0000000           0.0000000           0.0000000
           0.0022112           0.1824630           0.0000000           0.0000000           0.0000000           0.0000000
           0.0022188           0.1830781           0.0000000           0.0000000           0.0000000           0.0000000
           0.0022265           0.1836947           0.0000000           0.0000000           0.0000000           0.0000000
           0.0022342           0.1843127           0.0000000           0.0000000           0.0000000           0.0000000
           0.0022419           0.1849322           0.0000000           0.0000000           0.0000000           0.0000000
           0.0022496           0.1855533           0.0000000           0.0000000           0.0000000           0.0000000
           0.0022574           0.1861757           0.0000000           0.0000000           0.0000000           0.0000000
           0.0022651           0.1867997           0.0000000           0.0000000           0.0000000           0.0000000
           0.0022729           0.1874252           0.0000000           0.0000000           0.0000000           0.0000000
           0.0022807           0.1880521           0.0000000           0.0000000           0.0000000           0.0000000
           0.0022886           0.1886805           0.0000000           0.0000000           0.0000000           0.0000000
           0.0022964           0.1893104           0.0000000           0.0000000           0.0000000           0.0000000
           0.0023043           0.1899418           0.0000000           0.0000000           0.0000000           0.0000000
           0.0023122           0.1905747           0.0000000           0.0000000           0.0000000           0.0000000
           0.0023201           0.1912090           0.0000000           0.0000000           0.0000000           0.0000000
           0.0023280           0.1918448           0.0000000           0.0000000           0.0000000           0.0000000
           0.0023360           0.1924821           0.0000000           0.0000000           0.0000000           0.0000000
           0.0023439           0.1931209           0.0000000           0.0000000           0.0000000           0.0000000
           0.0023519           0.1937612           0.0000000           0.0000000           0.0000000           0.0000000
           0.0023599           0.1944029           0.0000000           0.0000000           0.0000000           0.0000000
           0.0023680           0.1950461           0.0000000           0.0000000           0.0000000           0.0000000
           0.0023760           0.1956908           0.0000000           0.0000000           0.0000000           0.0000000
           0.0023841           0.1963370           0.0000000           0.0000000           0.0000000           0.0000000
           0.0023922           0.1969846           0.0000000           0.0000000           0.0000000           0.0000000
           0.0024003           0.1976337           0.0000000           0.0000000           0.0000000           0.0000000
           0.0024084           0.1982843           0.0000000           0.0000000           0.0000000           0.0000000
           0.0024166           0.1989363           0.0000000           0.0000000           0.0000000           0.0000000
           0.0024248           0.1995898           0.0000000           0.0000000           0.0000000           0.0000000
           0.0024330           0.2002448           0.0000000           0.0000000           0.0000000           0.0000000
           0.0024412           0.2009012           0.0000000           0.0000000           0.0000000           0.0000000
           0.0024494           0.2015591           0.0000000           0.0000000           0.0000000           0.0000000
           0.0024577           0.2022185           0.0000000           0.0000000           0.0000000           0.0000000
           0.0024660           0.2028793           0.0000000           0.0000000           0.0000000           0.0000000
           0.0024743           0.2035416           0.0000000           0.0000000           0.0000000           0.0000000
           0.0024826           0.2042054           0.0000000           0.0000000           0.0000000           0.0000000
           0.0024909           0.2048706           0.0000000           0.0000000           0.0000000           0.0000000
           0.0024993           0.2055372           0.0000000           0.0000000           0.0000000           0.0000000
           0.0025076           0.2062053           0.0000000           0.0000000           0.0000000           0.0000000
           0.0025160           0.2068749           0.0000000           0.0000000           0.0000000           0.0000000
           0.0025245           0.2075459           0.0000000           0.0000000           0.0000000           0.0000000
           0.0025329           0.2082183           0.0000000           0.0000000           0.0000000           0.0000000
           0.0025413           0.2088922           0.0000000           0.0000000           0.0000000           0.0000000
           0.0025498           0.2095675           0.0000000           0.0000000           0.0000000           0.0000000
           0.0025583           0.2102443           0.0000000           0.0000000           0.0000000           0.0000000
           0.0025668           0.2109225           0.0000000           0.0000000           0.0000000           0.0000000
           0.0025754           0.2116022           0.0000000           0.0000000           0.0000000           0.0000000
           0.0025839           0.2122833           0.0000000           0.0000000           0.0000000           0.0000000
           0.0025925           0.2129658           0.0000000           0.0000000           0.0000000           0.0000000
           0.0026011           0.2136497           0.0000000           0.0000000           0.0000000           0.0000000
           0.0026097           0.2143351           0.0000000           0.0000000           0.0000000           0.0000000
           0.0026183           0.2150220           0.0000000           0.0000000           0.0000000           0.0000000
           0.0026270           0.2157102           0.0000000           0.0000000           0.0000000           0.0000000
           0.0026357           0.2163999           0.0000000           0.0000000           0.0000000           0.0000000
           0.0026443           0.2170910           0.0000000           0.0000000           0.0000000           0.0000000
           0.0026530           0.2177836           0.0000000           0.0000000           0.0000000           0.0000000
           0.0026618           0.2184775           0.0000000           0.0000000           0.0000000           0.0000000
           0.0026705           0.2191729           0.0000000           0.0000000           0.0000000           0.0000000
           0.0026793           0.2198698           0.0000000           0.0000000           0.0000000           0.0000000
           0.0026881           0.2205681           0.0000000           0.0000000           0.0000000           0.0000000
           0.0026969           0.2212678           0.0000000           0.0000000           0.0000000           0.0000000
           0.0027057           0.2219689           0.0000000           0.0000000           0.0000000           0.0000000
           0.0027145           0.2226715           0.0000000           0.0000000           0.0000000           0.0000000
           0.0027234           0.2233756           0.0000000           0.0000000           0.0000000           0.0000000
           0.0027322           0.2240810           0.0000000           0.0000000           0.0000000           0.0000000
           0.0027411           0.2247880           0.0000000           0.0000000           0.0000000           0.0000000
           0.0027500           0.2254964           0.0000000           0.0000000           0.0000000           0.0000000
           0.0027589           0.2262062           0.0000000           0.0000000           0.0000000           0.0000000
           0.0027679           0.2269176           0.0000000           0.0000000           0.0000000           0.0000000
           0.0027768           0.2276304           0.0000000           0.0000000           0.0000000           0.0000000
           0.0027858           0.2283447           0.0000000           0.0000000           0.0000000           0.0000000
           0.0027948           0.2290605           0.0000000           0.0000000           0.0000000           0.0000000
           0.0028038           0.2297778           0.0000000           0.0000000           0.0000000           0.0000000
           0.0028128           0.2304966           0.0000000           0.0000000           0.0000000           0.0000000
           0.0028218           0.2312170           0.0000000           0.0000000           0.0000000           0.0000000
           0.0028309           0.2319389           0.0000000           0.0000000           0.0000000           0.0000000
           0.0028399           0.2326623           0.0000000           0.0000000           0.0000000           0.0000000
           0.0028490           0.2333873           0.0000000           0.0000000           0.0000000           0.0000000
           0.0028581           0.2341139           0.0000000           0.0000000           0.0000000           0.0000000
           0.0028672           0.2348421           0.0000000           0.0000000           0.0000000           0.0000000
           0.0028763           0.2355719           0.0000000           0.0000000           0.0000000           0.0000000
           0.0028855           0.2363033           0.0000000           0.0000000           0.0000000           0.0000000
           0.0028946           0.2370364           0.0000000           0.0000000           0.0000000           0.0000000
           0.0029038           0.2377711           0.0000000           0.0000000           0.0000000           0.0000000
           0.0029130           0.2385074           0.0000000           0.0000000           0.0000000           0.0000000
           0.0029222           0.2392455           0.0000000           0.0000000           0.0000000           0.0000000
           0.0029314           0.2399853           0.0000000           0.0000000           0.0000000           0.0000000
           0.0029406           0.2407267           0.0000000           0.0000000           0.0000000           0.0000000
           0.0029498           0.2414699           0.0000000           0.0000000           0.0000000           0.0000000
           0.0029591           0.2422149           0.0000000           0.0000000           0.0000000           0.0000000
           0.0029684           0.2429616           0.0000000           0.0000000           0.0000000           0.0000000
           0.0029776           0.2437101           0.0000000           0.0000000           0.0000000           0.0000000
           0.0029869           0.2444604           0.0000000           0.0000000           0.0000000           0.0000000
           0.0029962           0.2452124           0.0000000           0.0000000           0.0000000           0.0000000
           0.0030055           0.2459663           0.0000000           0.0000000           0.0000000           0.0000000
           0.0030149           0.2467220           0.0000000           0.0000000           0.0000000           0.0000000
           0.0030242           0.2474795           0.0000000           0.0000000           0.0000000           0.0000000
           0.0030335           0.2482388           0.0000000           0.0000000           0.0000000           0.0000000
           0.0030429           0.2490000           0.0000000           0.0000000           0.0000000           0.0000000
           0.0030523           0.2497630           0.0000000           0.0000000           0.0000000           0.0000000
           0.0030617           0.2505279           0.0000000           0.0000000           0.0000000           0.0000000
           0.0030711           0.2512946           0.0000000           0.0000000           0.0000000           0.0000000
           0.0030805           0.2520631           0.0000000           0.0000000           0.0000000           0.0000000
           0.0030899           0.2528335           0.0000000           0.0000000           0.0000000           0.0000000
           0.0030994           0.2536058           0.0000000           0.0000000           0.0000000           0.0000000
           0.0031088           0.2543799           0.0000000           0.0000000           0.0000000           0.0000000
           0.0031183           0.2551558           0.0000000           0.0000000           0.0000000           0.0000000
           0.0031277           0.2559336           0.0000000           0.0000000           0.0000000           0.0000000
           0.0031372           0.2567131           0.0000000           0.0000000           0.0000000           0.0000000
           0.0031467           0.2574945           0.0000000           0.0000000           0.0000000           0.0000000
           0.0031563           0.2582778           0.0000000           0.0000000           0.0000000           0.0000000
           0.0031658           0.2590628           0.0000000           0.0000000           0.0000000           0.0000000
           0.0031753           0.2598496           0.0000000           0.0000000           0.0000000           0.0000000
           0.0031849           0.2606382           0.0000000           0.0000000           0.0000000           0.0000000
           0.0031944           0.2614286           0.0000000           0.0000000           0.0000000           0.0000000
           0.0032040           0.2622207           0.0000000           0.0000000           0.0000000           0.0000000
           0.0032136           0.2630146           0.0000000           0.0000000           0.0000000           0.0000000
           0.0032232           0.2638102           0.0000000           0.0000000           0.0000000           0.0000000
           0.0032329           0.2646076           0.0000000           0.0000000           0.0000000           0.0000000
           0.0032425           0.2654067           0.0000000           0.0000000           0.0000000           0.0000000
           0.0032521           0.2662076           0.0000000           0.0000000           0.0000000           0.0000000
           0.0032618           0.2670101           0.0000000           0.0000000           0.0000000           0.0000000
           0.0032715           0.2678143           0.0000000           0.0000000           0.0000000           0.0000000
           0.0032812           0.2686202           0.0000000           0.0000000           0.0000000           0.0000000
           0.0032909           0.2694279           0.0000000           0.0000000           0.0000000           0.0000000
           0.0033006           0.2702372           0.0000000           0.0000000           0.0000000           0.0000000
           0.0033104           0.2710481           0.0000000           0.0000000           0.0000000           0.0000000
           0.0033201           0.2718608           0.0000000           0.0000000           0.0000000           0.0000000
           0.0033299           0.2726751           0.0000000           0.0000000           0.0000000           0.0000000
           0.0033397           0.2734911           0.0000000           0.0000000           0.0000000           0.0000000
           0.0033495           0.2743087           0.0000000           0.0000000           0.0000000           0.0000000
           0.0033593           0.2751280           0.0000000           0.0000000           0.0000000           0.0000000
           0.0033691           0.2759490           0.0000000           0.0000000           0.0000000           0.0000000
           0.0033790           0.2767716           0.0000000           0.0000000           0.0000000           0.0000000
           0.0033888           0.2775959           0.0000000           0.0000000           0.0000000           0.0000000
           0.0033987           0.2784218           0.0000000           0.0000000           0.0000000           0.0000000
           0.0034086           0.2792494           0.0000000           0.0000000           0.0000000           0.0000000
           0.0034185           0.2800787           0.0000000           0.0000000           0.0000000           0.0000000
           0.0034285           0.2809097           0.0000000           0.0000000           0.0000000           0.0000000
           0.0034384           0.2817423           0.0000000           0.0000000           0.0000000           0.0000000
           0.0034484           0.2825766           0.0000000           0.0000000           0.0000000           0.0000000
           0.0034584           0.2834126           0.0000000           0.0000000           0.0000000           0.0000000
           0.0034684           0.2842503           0.0000000           0.0000000           0.0000000           0.0000000
           0.0034784           0.2850897           0.0000000           0.0000000           0.0000000           0.0000000
           0.0034885           0.2859308           0.0000000           0.0000000           0.0000000           0.0000000
           0.0034985           0.2867737           0.0000000           0.0000000           0.0000000           0.0000000
           0.0035086           0.2876182           0.0000000           0.0000000           0.0000000           0.0000000
           0.0035187           0.2884645           0.0000000           0.0000000           0.0000000           0.0000000
           0.0035289           0.2893126           0.0000000           0.0000000           0.0000000           0.0000000
           0.0035390           0.2901624           0.0000000           0.0000000           0.0000000           0.0000000
           0.0035492           0.2910139           0.0000000           0.0000000           0.0000000           0.0000000
           0.0035594           0.2918673           0.0000000           0.0000000           0.0000000           0.0000000
           0.0035696           0.2927224           0.0000000           0.0000000           0.0000000           0.0000000
           0.0035798           0.2935794           0.0000000           0.0000000           0.0000000           0.0000000
           0.0035900           0.2944381           0.0000000           0.0000000           0.0000000           0.0000000
           0.0036003           0.2952987           0.0000000           0.0000000           0.0000000           0.0000000
           0.0036106           0.2961611           0.0000000           0.0000000           0.0000000           0.0000000
           0.0036209           0.2970254           0.0000000           0.0000000           0.0000000           0.0000000
           0.0036313           0.2978915           0.0000000           0.0000000           0.0000000           0.0000000
           0.0036416           0.2987595           0.0000000           0.0000000           0.0000000           0.0000000
           0.0036520           0.2996294           0.0000000           0.0000000           0.0000000           0.0000000
           0.0036624           0.3005011           0.0000000           0.0000000           0.0000000           0.0000000
           0.0036728           0.3013748           0.0000000           0.0000000           0.0000000           0.0000000
           0.0036833           0.3022504           0.0000000           0.0000000           0.0000000           0.0000000
           0.0036937           0.3031279           0.0000000           0.0000000           0.0000000           0.0000000
           0.0037042           0.3040074           0.0000000           0.0000000           0.0000000           0.0000000
           0.0037148           0.3048889           0.0000000           0.0000000           0.0000000           0.0000000
           0.0037253           0.3057723           0.0000000           0.0000000           0.0000000           0.0000000
           0.0037359           0.3066577           0.0000000           0.0000000           0.0000000           0.0000000
           0.0037465           0.3075451           0.0000000           0.0000000           0.0000000           0.0000000
           0.0037571           0.3084345           0.0000000           0.0000000           0.0000000           0.0000000
           0.0037677           0.3093259           0.0000000           0.0000000           0.0000000           0.0000000
           0.0037784           0.3102194           0.0000000           0.0000000           0.0000000           0.0000000
           0.0037891           0.3111149           0.0000000           0.0000000           0.0000000           0.0000000
           0.0037998           0.3120125           0.0000000           0.0000000           0.0000000           0.0000000
           0.0038105           0.3129122           0.0000000           0.0000000           0.0000000           0.0000000
           0.0038213           0.3138139           0.0000000           0.0000000           0.0000000           0.0000000
           0.0038321           0.3147178           0.0000000           0.0000000           0.0000000           0.0000000
           0.0038429           0.3156238           0.0000000           0.0000000           0.0000000           0.0000000
           0.0038537           0.3165319           0.0000000           0.0000000           0.0000000           0.0000000
           0.0038646           0.3174421           0.0000000           0.0000000           0.0000000           0.0000000
           0.0038755           0.3183545           0.0000000           0.0000000           0.0000000           0.0000000
           0.0038864           0.3192691           0.0000000           0.0000000           0.0000000           0.0000000
           0.0038973           0.3201858           0.0000000           0.0000000           0.0000000           0.0000000
           0.0039083           0.3211047           0.0000000           0.0000000           0.0000000           0.0000000
           0.0039193           0.3220259           0.0000000           0.0000000           0.0000000           0.0000000
           0.0039303           0.3229492           0.0000000           0.0000000           0.0000000           0.0000000
           0.0039414           0.3238748           0.0000000           0.0000000           0.0000000           0.0000000
           0.0039525           0.3248026           0.0000000           0.0000000           0.0000000           0.0000000
           0.0039636           0.3257327           0.0000000           0.0000000           0.0000000           0.0000000
           0.0039747           0.3266651           0.0000000           0.0000000           0.0000000           0.0000000
           0.0039859           0.3275997           0.0000000           0.0000000           0.0000000           0.0000000
           0.0039971           0.3285366           0.0000000           0.0000000           0.0000000           0.0000000
           0.0040463           0.3326562           0.0000000           0.0000000           0.0000000           0.0000000
           0.0040961           0.3368206           0.0000000           0.0000000           0.0000000           0.0000000
           0.0041465           0.3410309           0.0000000           0.0000000           0.0000000           0.0000000
           0.0041974           0.3452880           0.0000000           0.0000000           0.0000000           0.0000000
           0.0042489           0.3495927           0.0000000           0.0000000           0.0000000           0.0000000
           0.0043010           0.3539460           0.0000000           0.0000000           0.0000000           0.0000000
           0.0043537           0.3583486           0.0000000           0.0000000           0.0000000           0.0000000
           0.0044071           0.3628014           0.0000000           0.0000000           0.0000000           0.0000000
           0.0044611           0.3673052           0.0000000           0.0000000           0.0000000           0.0000000
           0.0045157           0.3718608           0.0000000           0.0000000           0.0000000           0.0000000
           0.0045710           0.3764689           0.0000000           0.0000000           0.0000000           0.0000000
           0.0046269           0.3811303           0.0000000           0.0000000           0.0000000           0.0000000
           0.0046836           0.3858455           0.0000000           0.0000000           0.0000000           0.0000000
           0.0047409           0.3906155           0.0000000           0.0000000           0.0000000           0.0000000
           0.0047988           0.3954407           0.0000000           0.0000000           0.0000000           0.0000000
           0.0048575           0.4003219           0.0000000           0.0000000           0.0000000           0.0000000
           0.0049169           0.4052597           0.0000000           0.0000000           0.0000000           0.0000000
           0.0049770           0.4102547           0.0000000           0.0000000           0.0000000           0.0000000
           0.0050379           0.4153076           0.0000000           0.0000000           0.0000000           0.0000000
           0.0050994           0.4204189           0.0000000           0.0000000           0.0000000           0.0000000
           0.0051618           0.4255893           0.0000000           0.0000000           0.0000000           0.0000000
           0.0052248           0.4308192           0.0000000           0.0000000           0.0000000           0.0000000
           0.0052886           0.4361094           0.0000000           0.0000000           0.0000000           0.0000000
           0.0053532           0.4414602           0.0000000           0.0000000           0.0000000           0.0000000
           0.0054185           0.4468724           0.0000000           0.0000000           0.0000000           0.0000000
           0.0054847           0.4523465           0.0000000           0.0000000           0.0000000           0.0000000
           0.0055516           0.4578829           0.0000000           0.0000000           0.0000000           0.0000000
           0.0056193           0.4634822           0.0000000           0.0000000           0.0000000           0.0000000
           0.0056878           0.4691450           0.0000000           0.0000000           0.0000000           0.0000000
           0.0057571           0.4748718           0.0000000           0.0000000           0.0000000           0.0000000
           0.0058272           0.4806631           0.0000000           0.0000000           0.0000000           0.0000000
           0.0058981           0.4865195           0.0000000           0.0000000           0.0000000           0.0000000
           0.0059699           0.4924414           0.0000000           0.0000000           0.0000000           0.0000000
           0.0060425           0.4984294           0.0000000           0.0000000           0.0000000           0.0000000
           0.0061159           0.5044840           0.0000000           0.0000000           0.0000000           0.0000000
           0.0061902           0.5106058           0.0000000           0.0000000           0.0000000           0.0000000
           0.0062654           0.5167952           0.0000000           0.0000000           0.0000000           0.0000000
           0.0063414           0.5230528           0.0000000           0.0000000           0.0000000           0.0000000
           0.0064183           0.5293791           0.0000000           0.0000000           0.0000000           0.0000000
           0.0064961           0.5357746           0.0000000           0.0000000           0.0000000           0.0000000
           0.0065748           0.5422399           0.0000000           0.0000000           0.0000000           0.0000000
           0.0066543           0.5487755           0.0000000           0.0000000           0.0000000           0.0000000
           0.0067348           0.5553820           0.0000000           0.0000000           0.0000000           0.0000000
           0.0068161           0.5620599           0.0000000           0.0000000           0.0000000           0.0000000
           0.0068984           0.5688097           0.0000000           0.0000000           0.0000000           0.0000000
           0.0069816           0.5756321           0.0000000           0.0000000           0.0000000           0.0000000
           0.0070658           0.5825275           0.0000000           0.0000000           0.0000000           0.0000000
           0.0071509           0.5894965           0.0000000           0.0000000           0.0000000           0.0000000
           0.0072369           0.5965397           0.0000000           0.0000000           0.0000000           0.0000000
           0.0073239           0.6036577           0.0000000           0.0000000           0.0000000           0.0000000
           0.0074119           0.6108511           0.0000000           0.0000000           0.0000000           0.0000000
           0.0075008           0.6181205           0.0000000           0.0000000           0.0000000           0.0000000
           0.0075907           0.6254664           0.0000000           0.0000000           0.0000000           0.0000000
           0.0076816           0.6328895           0.0000000           0.0000000           0.0000000           0.0000000
           0.0077735           0.6403904           0.0000000           0.0000000           0.0000000           0.0000000
           0.0078664           0.6479696           0.0000000           0.0000000           0.0000000           0.0000000
           0.0079604           0.6556280           0.0000000           0.0000000           0.0000000           0.0000000
           0.0080553           0.6633660           0.0000000           0.0000000           0.0000000           0.0000000
           0.0081513           0.6711843           0.0000000           0.0000000           0.0000000           0.0000000
           0.0082484           0.6790837           0.0000000           0.0000000           0.0000000           0.0000000
           0.0083464           0.6870647           0.0000000           0.0000000           0.0000000           0.0000000
           0.0084456           0.6951281           0.0000000           0.0000000           0.0000000           0.0000000
           0.0085458           0.7032745           0.0000000           0.0000000           0.0000000           0.0000000
           0.0086471           0.7115047           0.0000000           0.0000000           0.0000000           0.0000000
           0.0087495           0.7198192           0.0000000           0.0000000           0.0000000           0.0000000
           0.0088530           0.7282190           0.0000000           0.0000000           0.0000000           0.0000000
           0.0089577           0.7367047           0.0000000           0.0000000           0.0000000           0.0000000
           0.0090634           0.7452770           0.0000000           0.0000000           0.0000000           0.0000000
           0.0091703           0.7539367           0.0000000           0.0000000           0.0000000           0.0000000
           0.0092783           0.7626845           0.0000000           0.0000000           0.0000000           0.0000000
           0.0093875           0.7715213           0.0000000           0.0000000           0.0000000           0.0000000
           0.0094978           0.7804478           0.0000000           0.0000000           0.0000000           0.0000000
           0.0096093           0.7894649           0.0000000           0.0000000           0.0000000           0.0000000
           0.0097220           0.7985732           0.0000000           0.0000000           0.0000000           0.0000000
           0.0098359           0.8077738           0.0000000           0.0000000           0.0000000           0.0000000
           0.0099510           0.8170673           0.0000000           0.0000000           0.0000000           0.0000000
           0.0100673           0.8264547           0.0000000           0.0000000           0.0000000           0.0000000
           0.0101849           0.8359368           0.0000000           0.0000000           0.0000000           0.0000000
           0.0103037           0.8455144           0.0000000           0.0000000           0.0000000           0.0000000
           0.0104238           0.8551885           0.0000000           0.0000000           0.0000000           0.0000000
           0.0105451           0.8649600           0.0000000           0.0000000           0.0000000           0.0000000
           0.0106678           0.8748298           0.0000000           0.0000000           0.0000000           0.0000000
           0.0107917           0.8847988           0.0000000           0.0000000           0.0000000           0.0000000
           0.0109169           0.8948680           0.0000000           0.0000000           0.0000000           0.0000000
           0.0110434           0.9050382           0.0000000           0.0000000           0.0000000           0.0000000
           0.0111713           0.9153106           0.0000000           0.0000000           0.0000000           0.0000000
           0.0113005           0.9256860           0.0000000           0.0000000           0.0000000           0.0000000
           0.0114311           0.9361655           0.0000000           0.0000000           0.0000000           0.0000000
           0.0115631           0.9467500           0.0000000           0.0000000           0.0000000           0.0000000
           0.0116964           0.9574407           0.0000000           0.0000000           0.0000000           0.0000000
           0.0118312           0.9682385           0.0000000           0.0000000           0.0000000           0.0000000
           0.0119674           0.9791445           0.0000000           0.0000000           0.0000000           0.0000000
           0.0121050           0.9901598           0.0000000           0.0000000           0.0000000           0.0000000
           0.0122440           1.0012855           0.0000000           0.0000000           0.0000000           0.0000000
           0.0123845           1.0125227           0.0000000           0.0000000           0.0000000           0.0000000
           0.0125265           1.0238724           0.0000000           0.0000000           0.0000000           0.0000000
           0.0126700           1.0353359           0.0000000           0.0000000           0.0000000           0.0000000
           0.0128149           1.0469143           0.0000000           0.0000000           0.0000000           0.0000000
           0.0129614           1.0586088           0.0000000           0.0000000           0.0000000           0.0000000
           0.0131095           1.0704205           0.0000000           0.0000000           0.0000000           0.0000000
           0.0132590           1.0823507           0.0000000           0.0000000           0.0000000           0.0000000
           0.0134102           1.0944005           0.0000000           0.0000000           0.0000000           0.0000000
           0.0135629           1.1065712           0.0000000           0.0000000           0.0000000           0.0000000
           0.0137173           1.1188642           0.0000000           0.0000000           0.0000000           0.0000000
           0.0138732           1.1312805           0.0000000           0.0000000           0.0000000           0.0000000
           0.0140308           1.1438217           0.0000000           0.0000000           0.0000000           0.0000000
           0.0141900           1.1564888           0.0000000           0.0000000           0.0000000           0.0000000
           0.0143510           1.1692834           0.0000000           0.0000000           0.0000000           0.0000000
           0.0145136           1.1822066           0.0000000           0.0000000           0.0000000           0.0000000
           0.0146779           1.1952600           0.0000000           0.0000000           0.0000000           0.0000000
           0.0148439           1.2084448           0.0000000           0.0000000           0.0000000           0.0000000
           0.0150116           1.2217625           0.0000000           0.0000000           0.0000000           0.0000000
           0.0151812           1.2352145           0.0000000           0.0000000           0.0000000           0.0000000
           0.0153525           1.2488023           0.0000000           0.0000000           0.0000000           0.0000000
           0.0155255           1.2625272           0.0000000           0.0000000           0.0000000           0.0000000
           0.0157005           1.2763909           0.0000000           0.0000000           0.0000000           0.0000000
           0.0158772           1.2903947           0.0000000           0.0000000           0.0000000           0.0000000
           0.0160558           1.3045403           0.0000000           0.0000000           0.0000000           0.0000000
           0.0162363           1.3188292           0.0000000           0.0000000           0.0000000           0.0000000
           0.0164186           1.3332628           0.0000000           0.0000000           0.0000000           0.0000000
           0.0166029           1.3478429           0.0000000           0.0000000           0.0000000           0.0000000
           0.0167891           1.3625711           0.0000000           0.0000000           0.0000000           0.0000000
           0.0169773           1.3774488           0.0000000           0.0000000           0.0000000           0.0000000
           0.0171674           1.3924779           0.0000000           0.0000000           0.0000000           0.0000000
           0.0173595           1.4076600           0.0000000           0.0000000           0.0000000           0.0000000
           0.0175537           1.4229968           0.0000000           0.0000000           0.0000000           0.0000000
           0.0177499           1.4384900           0.0000000           0.0000000           0.0000000           0.0000000
           0.0179481           1.4541413           0.0000000           0.0000000           0.0000000           0.0000000
           0.0181485           1.4699525           0.0000000           0.0000000           0.0000000           0.0000000
           0.0183509           1.4859255           0.0000000           0.0000000           0.0000000           0.0000000
           0.0185554           1.5020619           0.0000000           0.0000000           0.0000000           0.0000000
           0.0187622           1.5183637           0.0000000           0.0000000           0.0000000           0.0000000
           0.0189710           1.5348327           0.0000000           0.0000000           0.0000000           0.0000000
           0.0191821           1.5514708           0.0000000           0.0000000           0.0000000           0.0000000
           0.0193954           1.5682799           0.0000000           0.0000000           0.0000000           0.0000000
           0.0196110           1.5852620           0.0000000           0.0000000           0.0000000           0.0000000
           0.0198288           1.6024189           0.0000000           0.0000000           0.0000000           0.0000000
           0.0200489           1.6197527           0.0000000           0.0000000           0.0000000           0.0000000
           0.0202713           1.6372654           0.0000000           0.0000000           0.0000000           0.0000000
           0.0204961           1.6549590           0.0000000           0.0000000           0.0000000           0.0000000
           0.0207232           1.6728356           0.0000000           0.0000000           0.0000000           0.0000000
           0.0209527           1.6908972           0.0000000           0.0000000           0.0000000           0.0000000
           0.0211846           1.7091460           0.0000000           0.0000000           0.0000000           0.0000000
           0.0214190           1.7275841           0.0000000           0.0000000           0.0000000           0.0000000
           0.0216559           1.7462136           0.0000000           0.0000000           0.0000000           0.0000000
           0.0218952           1.7650368           0.0000000           0.0000000           0.0000000           0.0000000
           0.0221371           1.7840558           0.0000000           0.0000000           0.0000000           0.0000000
           0.0223815           1.8032730           0.0000000           0.0000000           0.0000000           0.0000000
           0.0226285           1.8226905           0.0000000           0.0000000           0.0000000           0.0000000
           0.0228781           1.8423106           0.0000000           0.0000000           0.0000000           0.0000000
           0.0231303           1.8621357           0.0000000           0.0000000           0.0000000           0.0000000
           0.0233852           1.8821681           0.0000000           0.0000000           0.0000000           0.0000000
           0.0236428           1.9024102           0.0000000           0.0000000           0.0000000           0.0000000
           0.0239031           1.9228643           0.0000000           0.0000000           0.0000000           0.0000000
           0.0241661           1.9435329           0.0000000           0.0000000           0.0000000           0.0000000
           0.0244319           1.9644184           0.0000000           0.0000000           0.0000000           0.0000000
           0.0247006           1.9855234           0.0000000           0.0000000           0.0000000           0.0000000
           0.0249720           2.0068502           0.0000000           0.0000000           0.0000000           0.0000000
           0.0252463           2.0284014           0.0000000           0.0000000           0.0000000           0.0000000
           0.0255235           2.0501796           0.0000000           0.0000000           0.0000000           0.0000000
           0.0258037           2.0721874           0.0000000           0.0000000           0.0000000           0.0000000
           0.0260868           2.0944272           0.0000000           0.0000000           0.0000000           0.0000000
           0.0263729           2.1169018           0.0000000           0.0000000           0.0000000           0.0000000
           0.0266620           2.1396138           0.0000000           0.0000000           0.0000000           0.0000000
           0.0269541           2.1625659           0.0000000           0.0000000           0.0000000           0.0000000
           0.0272494           2.1857607           0.0000000           0.0000000           0.0000000           0.0000000
           0.0275477           2.2092009           0.0000000           0.0000000           0.0000000           0.0000000
           0.0278492           2.2328893           0.0000000           0.0000000           0.0000000           0.0000000
           0.0281539           2.2568287           0.0000000           0.0000000           0.0000000           0.0000000
           0.0284618           2.2810218           0.0000000           0.0000000           0.0000000           0.0000000
           0.0287730           2.3054714           0.0000000           0.0000000           0.0000000           0.0000000
           0.0290874           2.3301803           0.0000000           0.0000000           0.0000000           0.0000000
           0.0294052           2.3551514           0.0000000           0.0000000           0.0000000           0.0000000
           0.0297263           2.3803875           0.0000000           0.0000000           0.0000000           0.0000000
           0.0300507           2.4058914           0.0000000           0.0000000           0.0000000           0.0000000
           0.0303786           2.4316662           0.0000000           0.0000000           0.0000000           0.0000000
           0.0307100           2.4577145           0.0000000           0.0000000           0.0000000           0.0000000
           0.0310448           2.4840394           0.0000000           0.0000000           0.0000000           0.0000000
           0.0313832           2.5106438           0.0000000           0.0000000           0.0000000           0.0000000
           0.0317251           2.5375306           0.0000000           0.0000000           0.0000000           0.0000000
           0.0320706           2.5647028           0.0000000           0.0000000           0.0000000           0.0000000
           0.0324198           2.5921632           0.0000000           0.0000000           0.0000000           0.0000000
           0.0327726           2.6199149           0.0000000           0.0000000           0.0000000           0.0000000
           0.0331291           2.6479608           0.0000000           0.0000000           0.0000000           0.0000000
           0.0334893           2.6763039           0.0000000           0.0000000           0.0000000           0.0000000
           0.0338533           2.7049470           0.0000000           0.0000000           0.0000000           0.0000000
           0.0342212           2.7338933           0.0000000           0.0000000           0.0000000           0.0000000
           0.0345929           2.7631456           0.0000000           0.0000000           0.0000000           0.0000000
           0.0349684           2.7927069           0.0000000           0.0000000           0.0000000           0.0000000
           0.0353479           2.8225801           0.0000000           0.0000000           0.0000000           0.0000000
           0.0357313           2.8527681           0.0000000           0.0000000           0.0000000           0.0000000
           0.0361187           2.8832739           0.0000000           0.0000000           0.0000000           0.0000000
           0.0365102           2.9141003           0.0000000           0.0000000           0.0000000           0.0000000
           0.0369057           2.9452503           0.0000000           0.0000000           0.0000000           0.0000000
           0.0373053           2.9767265           0.0000000           0.0000000           0.0000000           0.0000000
           0.0377090           3.0085320           0.0000000           0.0000000           0.0000000           0.0000000
           0.0381169           3.0406694           0.0000000           0.0000000           0.0000000           0.0000000
           0.0385290           3.0731414           0.0000000           0.0000000           0.0000000           0.0000000
           0.0389453           3.1059509           0.0000000           0.0000000           0.0000000           0.0000000
           0.0393659           3.1391003           0.0000000           0.0000000           0.0000000           0.0000000
           0.0397908           3.1725924           0.0000000           0.0000000           0.0000000           0.0000000
           0.0402200           3.2064296           0.0000000           0.0000000           0.0000000           0.0000000
           0.0406536           3.2406144           0.0000000           0.0000000           0.0000000           0.0000000
           0.0410916           3.2751493           0.0000000           0.0000000           0.0000000           0.0000000
           0.0415340           3.3100364           0.0000000           0.0000000           0.0000000           0.0000000
           0.0419809           3.3452780           0.0000000           0.0000000           0.0000000           0.0000000
           0.0424322           3.3808763           0.0000000           0.0000000           0.0000000           0.0000000
           0.0428880           3.4168333           0.0000000           0.0000000           0.0000000           0.0000000
           0.0433484           3.4531507           0.0000000           0.0000000           0.0000000           0.0000000
           0.0438133           3.4898305           0.0000000           0.0000000           0.0000000           0.0000000
           0.0442828           3.5268742           0.0000000           0.0000000           0.0000000           0.0000000
           0.0447569           3.5642832           0.0000000           0.0000000           0.0000000           0.0000000
           0.0452355           3.6020589           0.0000000           0.0000000           0.0000000           0.0000000
           0.0457188           3.6402024           0.0000000           0.0000000           0.0000000           0.0000000
           0.0462068           3.6787145           0.0000000           0.0000000           0.0000000           0.0000000
           0.0466993           3.7175960           0.0000000           0.0000000           0.0000000           0.0000000
           0.0471965           3.7568474           0.0000000           0.0000000           0.0000000           0.0000000
           0.0476984           3.7964688           0.0000000           0.0000000           0.0000000           0.0000000
           0.0482049           3.8364601           0.0000000           0.0000000           0.0000000           0.0000000
           0.0487161           3.8768211           0.0000000           0.0000000           0.0000000           0.0000000
           0.0492319           3.9175509           0.0000000           0.0000000           0.0000000           0.0000000
           0.0497523           3.9586486           0.0000000           0.0000000           0.0000000           0.0000000
           0.0502774           4.0001126           0.0000000           0.0000000           0.0000000           0.0000000
           0.0508070           4.0419413           0.0000000           0.0000000           0.0000000           0.0000000
           0.0513412           4.0841323           0.0000000           0.0000000           0.0000000           0.0000000
           0.0518799           4.1266829           0.0000000           0.0000000           0.0000000           0.0000000
           0.0524231           4.1695898           0.0000000           0.0000000           0.0000000           0.0000000
           0.0529707           4.2128492           0.0000000           0.0000000           0.0000000           0.0000000
           0.0535227           4.2564567           0.0000000           0.0000000           0.0000000           0.0000000
           0.0540790           4.3004074           0.0000000           0.0000000           0.0000000           0.0000000
           0.0546396           4.3446954           0.0000000           0.0000000           0.0000000           0.0000000
           0.0552043           4.3893144           0.0000000           0.0000000           0.0000000           0.0000000
           0.0557731           4.4342573           0.0000000           0.0000000           0.0000000           0.0000000
           0.0563458           4.4795158           0.0000000           0.0000000           0.0000000           0.0000000
           0.0569225           4.5250812           0.0000000           0.0000000           0.0000000           0.0000000
           0.0575028           4.5709435           0.0000000           0.0000000           0.0000000           0.0000000
           0.0580868           4.6170920           0.0000000           0.0000000           0.0000000           0.0000000
           0.0586742           4.6635145           0.0000000           0.0000000           0.0000000           0.0000000
           0.0592648           4.7101981           0.0000000           0.0000000           0.0000000           0.0000000
           0.0598586           4.7571285           0.0000000           0.0000000           0.0000000           0.0000000
           0.0604553           4.8042900           0.0000000           0.0000000           0.0000000           0.0000000
           0.0610546           4.8516657           0.0000000           0.0000000           0.0000000           0.0000000
           0.0616565           4.8992374           0.0000000           0.0000000           0.0000000           0.0000000
           0.0622605           4.9469850           0.0000000           0.0000000           0.0000000           0.0000000
           0.0628665           4.9948871           0.0000000           0.0000000           0.0000000           0.0000000
           0.0634741           5.0429206           0.0000000           0.0000000           0.0000000           0.0000000
           0.0640830           5.0910606           0.0000000           0.0000000           0.0000000           0.0000000
           0.0646930           5.1392804           0.0000000           0.0000000           0.0000000           0.0000000
           0.0653036           5.1875514           0.0000000           0.0000000           0.0000000           0.0000000
           0.0659144           5.2358429           0.0000000           0.0000000           0.0000000           0.0000000
           0.0665250           5.2841223           0.0000000           0.0000000           0.0000000           0.0000000
           0.0671351           5.3323548           0.0000000           0.0000000           0.0000000           0.0000000
           0.0677441           5.3805034           0.0000000           0.0000000           0.0000000           0.0000000
           0.0683515           5.4285288           0.0000000           0.0000000           0.0000000           0.0000000
           0.0689569           5.4763894           0.0000000           0.0000000           0.0000000           0.0000000
           0.0695596           5.5240412           0.0000000           0.0000000           0.0000000           0.0000000
           0.0701590           5.5714378           0.0000000           0.0000000           0.0000000           0.0000000
           0.0707547           5.6185305           0.0000000           0.0000000           0.0000000           0.0000000
           0.0713458           5.6652679           0.0000000           0.0000000           0.0000000           0.0000000
           0.0719318           5.7115963           0.0000000           0.0000000           0.0000000           0.0000000
           0.0725119           5.7574595           0.0000000           0.0000000           0.0000000           0.0000000
           0.0730853           5.8027989           0.0000000           0.0000000           0.0000000           0.0000000
           0.0736514           5.8475535           0.0000000           0.0000000           0.0000000           0.0000000
           0.0742094           5.8916600           0.0000000           0.0000000           0.0000000           0.0000000
           0.0747583           5.9350530           0.0000000           0.0000000           0.0000000           0.0000000
           0.0752973           5.9776648           0.0000000           0.0000000           0.0000000           0.0000000
           0.0758256           6.0194260           0.0000000           0.0000000           0.0000000           0.0000000
           0.0763423           6.0602651           0.0000000           0.0000000           0.0000000           0.0000000
           0.0768464           6.1001094           0.0000000           0.0000000           0.0000000           0.0000000
           0.0773371           6.1388843           0.0000000           0.0000000           0.0000000           0.0000000
           0.0778132           6.1765145           0.0000000           0.0000000           0.0000000           0.0000000
           0.0782740           6.2129237           0.0000000           0.0000000           0.0000000           0.0000000
           0.0787184           6.2480348           0.0000000           0.0000000           0.0000000           0.0000000
           0.0791454           6.2817707           0.0000000           0.0000000           0.0000000           0.0000000
           0.0795541           6.3140544           0.0000000           0.0000000           0.0000000           0.0000000
           0.0799435           6.3448091           0.0000000           0.0000000           0.0000000           0.0000000
           0.0803127           6.3739590           0.0000000           0.0000000           0.0000000           0.0000000
           0.0806607           6.4014295           0.0000000           0.0000000           0.0000000           0.0000000
           0.0809865           6.4271475           0.0000000           0.0000000           0.0000000           0.0000000
           0.0812894           6.4510420           0.0000000           0.0000000           0.0000000           0.0000000
           0.0815684           6.4730446           0.0000000           0.0000000           0.0000000           0.0000000
           0.0818226           6.4930894           0.0000000           0.0000000           0.0000000           0.0000000
           0.0820514           6.5111141           0.0000000           0.0000000           0.0000000           0.0000000
           0.0822540           6.5270598           0.0000000           0.0000000           0.0000000           0.0000000
           0.0824296           6.5408717           0.0000000           0.0000000           0.0000000           0.0000000
           0.0825777           6.5524993           0.0000000           0.0000000           0.0000000           0.0000000
           0.0826976           6.5618969           0.0000000           0.0000000           0.0000000           0.0000000
           0.0827889           6.5690238           0.0000000           0.0000000           0.0000000           0.0000000
           0.0828510           6.5738444           0.0000000           0.0000000           0.0000000           0.0000000
           0.0828837           6.5763287           0.0000000           0.0000000           0.0000000           0.0000000
           0.0828866           6.5764523           0.0000000           0.0000000           0.0000000           0.0000000
           0.0828595           6.5741966           0.0000000           0.0000000           0.0000000           0.0000000
           0.0828022           6.5695489           0.0000000           0.0000000           0.0000000           0.0000000
           0.0827146           6.5625024           0.0000000           0.0000000           0.0000000           0.0000000
           0.0825968           6.5530565           0.0000000           0.0000000           0.0000000           0.0000000
           0.0824487           6.5412163           0.0000000           0.0000000           0.0000000           0.0000000
           0.0822705           6.5269929           0.0000000           0.0000000           0.0000000           0.0000000
           0.0820625           6.5104030           0.0000000           0.0000000           0.0000000           0.0000000
           0.0818249           6.4914690           0.0000000           0.0000000           0.0000000           0.0000000
           0.0815581           6.4702187           0.0000000           0.0000000           0.0000000           0.0000000
